pos	A>C	A>G	A>T	C>A	C>G	C>T	G>A	G>C	G>T	T>A	T>C	T>G
 0	0.00000	0.00000	0.00000	0.00000	0.00000	0.20000	0.00000	0.00000	0.00000	0.00000	0.00000	0.00000
 1	0.00000	0.00000	0.00000	0.00000	0.00000	0.20000	0.00000	0.00000	0.00000	0.00000	0.00000	0.00000
 2	0.00000	0.00000	0.00000	0.00000	0.00000	0.00000	0.09091	0.00000	0.00000	0.00000	0.00000	0.00000
 3	0.00000	0.00000	0.00000	0.00000	0.00000	0.00000	0.00000	0.00000	0.00000	0.00000	0.00000	0.00000
 4	0.00000	0.00000	0.00000	0.00000	0.00000	0.07692	0.00000	0.00000	0.00000	0.00000	0.00000	0.00000
 5	0.00000	0.00000	0.00000	0.00000	0.00000	0.00000	0.07692	0.00000	0.00000	0.00000	0.00000	0.00000
 6	0.00000	0.00000	0.00000	0.00000	0.00000	0.00000	0.00000	0.00000	0.00000	0.00000	0.00000	0.00000
 7	0.00000	0.00000	0.00000	0.00000	0.00000	0.00000	0.00000	0.00000	0.00000	0.00000	0.00000	0.00000
 8	0.00000	0.00000	0.00000	0.00000	0.00000	0.00000	0.11111	0.00000	0.00000	0.00000	0.00000	0.00000
 9	0.00000	0.00000	0.00000	0.00000	0.00000	0.00000	0.00000	0.00000	0.00000	0.00000	0.00000	0.00000
10	0.00000	0.00000	0.00000	0.00000	0.00000	0.00000	0.00000	0.00000	0.00000	0.00000	0.00000	0.00000
11	0.00000	0.00000	0.00000	0.00000	0.00000	0.00000	0.00000	0.00000	0.00000	0.00000	0.00000	0.00000
12	0.00000	0.00000	0.00000	0.00000	0.00000	0.00000	0.00000	0.00000	0.00000	0.00000	0.00000	0.00000
13	0.00000	0.00000	0.00000	0.00000	0.00000	0.00000	0.00000	0.00000	0.00000	0.00000	0.00000	0.00000
14	0.00000	0.00000	0.00000	0.00000	0.00000	0.00000	0.00000	0.00000	0.00000	0.00000	0.00000	0.00000
15	0.00000	0.00000	0.00000	0.00000	0.00000	0.00000	0.11111	0.00000	0.00000	0.00000	0.00000	0.00000
16	0.00000	0.00000	0.00000	0.00000	0.00000	0.00000	0.00000	0.00000	0.00000	0.00000	0.00000	0.00000
17	0.00000	0.00000	0.00000	0.00000	0.00000	0.00000	0.00000	0.00000	0.00000	0.00000	0.00000	0.00000
18	0.00000	0.00000	0.00000	0.00000	0.00000	0.00000	0.00000	0.00000	0.00000	0.00000	0.00000	0.00000
19	0.00000	0.00000	0.00000	0.00000	0.00000	0.10000	0.00000	0.00000	0.00000	0.00000	0.00000	0.00000
20	0.00000	0.00000	0.00000	0.00000	0.00000	0.14286	0.00000	0.00000	0.00000	0.00000	0.00000	0.00000
21	0.00000	0.00000	0.00000	0.00000	0.00000	0.00000	0.00000	0.00000	0.00000	0.00000	0.00000	0.00000
22	0.00000	0.00000	0.00000	0.00000	0.00000	0.00000	0.00000	0.00000	0.00000	0.00000	0.11111	0.00000
23	0.00000	0.00000	0.00000	0.00000	0.00000	0.08333	0.33333	0.00000	0.00000	0.00000	0.00000	0.00000
24	0.00000	0.00000	0.00000	0.00000	0.00000	0.00000	0.09091	0.00000	0.00000	0.00000	0.00000	0.00000
pos	A>C	A>G	A>T	C>A	C>G	C>T	G>A	G>C	G>T	T>A	T>C	T>G
 0	0.00000	0.00000	0.00000	0.00000	0.00000	0.00000	0.38462	0.00000	0.00000	0.00000	0.00000	0.00000
 1	0.00000	0.00000	0.00000	0.00000	0.00000	0.00000	0.09091	0.00000	0.00000	0.00000	0.00000	0.00000
 2	0.00000	0.00000	0.00000	0.00000	0.00000	0.00000	0.10000	0.00000	0.00000	0.00000	0.00000	0.00000
 3	0.00000	0.00000	0.00000	0.00000	0.00000	0.00000	0.00000	0.00000	0.00000	0.00000	0.00000	0.00000
 4	0.00000	0.00000	0.00000	0.00000	0.00000	0.06667	0.00000	0.00000	0.00000	0.00000	0.00000	0.00000
 5	0.00000	0.00000	0.00000	0.00000	0.00000	0.00000	0.07692	0.00000	0.00000	0.00000	0.00000	0.00000
 6	0.00000	0.00000	0.00000	0.00000	0.00000	0.00000	0.27273	0.00000	0.00000	0.00000	0.00000	0.00000
 7	0.00000	0.00000	0.00000	0.00000	0.00000	0.00000	0.00000	0.00000	0.00000	0.00000	0.00000	0.00000
 8	0.00000	0.00000	0.00000	0.00000	0.00000	0.00000	0.09091	0.00000	0.00000	0.00000	0.00000	0.00000
 9	0.00000	0.00000	0.00000	0.00000	0.00000	0.00000	0.00000	0.00000	0.00000	0.00000	0.00000	0.00000
10	0.00000	0.00000	0.00000	0.00000	0.00000	0.00000	0.00000	0.00000	0.00000	0.00000	0.00000	0.00000
11	0.00000	0.00000	0.00000	0.00000	0.00000	0.00000	0.00000	0.00000	0.00000	0.00000	0.00000	0.00000
12	0.00000	0.00000	0.00000	0.00000	0.00000	0.00000	0.00000	0.00000	0.00000	0.00000	0.00000	0.00000
13	0.00000	0.00000	0.00000	0.00000	0.00000	0.00000	0.00000	0.00000	0.00000	0.00000	0.00000	0.00000
14	0.00000	0.00000	0.00000	0.00000	0.00000	0.00000	0.00000	0.00000	0.00000	0.00000	0.00000	0.00000
15	0.00000	0.00000	0.00000	0.00000	0.00000	0.00000	0.00000	0.00000	0.00000	0.00000	0.00000	0.00000
16	0.00000	0.00000	0.00000	0.00000	0.00000	0.00000	0.00000	0.00000	0.00000	0.00000	0.00000	0.00000
17	0.00000	0.00000	0.00000	0.00000	0.00000	0.00000	0.00000	0.00000	0.00000	0.00000	0.00000	0.00000
18	0.00000	0.00000	0.00000	0.00000	0.00000	0.16667	0.06667	0.00000	0.00000	0.00000	0.00000	0.00000
19	0.00000	0.00000	0.00000	0.00000	0.00000	0.00000	0.11111	0.00000	0.00000	0.00000	0.00000	0.00000
20	0.00000	0.00000	0.00000	0.00000	0.00000	0.00000	0.00000	0.00000	0.00000	0.00000	0.00000	0.00000
21	0.00000	0.00000	0.00000	0.00000	0.00000	0.00000	0.00000	0.00000	0.00000	0.00000	0.00000	0.00000
22	0.00000	0.00000	0.00000	0.00000	0.00000	0.00000	0.20000	0.00000	0.00000	0.00000	0.00000	0.00000
23	0.00000	0.00000	0.00000	0.00000	0.00000	0.16667	0.12500	0.00000	0.00000	0.00000	0.00000	0.00000
24	0.00000	0.00000	0.00000	0.00000	0.00000	0.07143	0.00000	0.00000	0.00000	0.00000	0.00000	0.00000
