pos	A>C	A>G	A>T	C>A	C>G	C>T	G>A	G>C	G>T	T>A	T>C	T>G
 0	0.00022	0.00022	0.00016	0.00036	0.00018	0.16500	0.00735	0.00006	0.00006	0.00022	0.00011	0.00016
 1	0.00027	0.00033	0.00043	0.00000	0.00025	0.08036	0.00864	0.00024	0.00049	0.00038	0.00027	0.00005
 2	0.00016	0.00044	0.00038	0.00030	0.00012	0.06132	0.00730	0.00024	0.00048	0.00022	0.00044	0.00044
 3	0.00038	0.00071	0.00055	0.00043	0.00043	0.04369	0.00661	0.00030	0.00030	0.00049	0.00043	0.00032
 4	0.00043	0.00049	0.00038	0.00036	0.00024	0.04022	0.00744	0.00024	0.00024	0.00027	0.00022	0.00038
 5	0.00060	0.00022	0.00049	0.00018	0.00043	0.03282	0.00611	0.00048	0.00030	0.00027	0.00027	0.00038
 6	0.00028	0.00028	0.00022	0.00030	0.00012	0.02206	0.00534	0.00012	0.00048	0.00016	0.00027	0.00033
 7	0.00005	0.00022	0.00016	0.00018	0.00031	0.01419	0.00440	0.00018	0.00006	0.00016	0.00011	0.00022
 8	0.00005	0.00016	0.00011	0.00012	0.00012	0.00662	0.00241	0.00000	0.00012	0.00016	0.00011	0.00016
 9	0.00000	0.00005	0.00000	0.00000	0.00000	0.00317	0.00146	0.00012	0.00006	0.00005	0.00000	0.00005
10	0.00000	0.00000	0.00000	0.00006	0.00000	0.00097	0.00043	0.00000	0.00000	0.00005	0.00000	0.00000
11	0.00000	0.00000	0.00000	0.00000	0.00000	0.00006	0.00006	0.00000	0.00000	0.00000	0.00000	0.00000
12	0.00005	0.00000	0.00000	0.00000	0.00000	0.00018	0.00012	0.00000	0.00000	0.00000	0.00000	0.00000
13	0.00000	0.00000	0.00000	0.00000	0.00000	0.00006	0.00000	0.00000	0.00000	0.00000	0.00000	0.00000
14	0.00000	0.00000	0.00000	0.00000	0.00000	0.00006	0.00006	0.00000	0.00000	0.00000	0.00000	0.00000
15	0.00011	0.00000	0.00005	0.00006	0.00000	0.00217	0.00122	0.00006	0.00006	0.00016	0.00000	0.00005
16	0.00005	0.00022	0.00005	0.00006	0.00012	0.00492	0.00298	0.00006	0.00006	0.00011	0.00016	0.00011
17	0.00005	0.00011	0.00000	0.00030	0.00006	0.00635	0.00563	0.00012	0.00024	0.00022	0.00011	0.00022
18	0.00022	0.00016	0.00038	0.00012	0.00030	0.00898	0.00592	0.00018	0.00036	0.00011	0.00005	0.00033
19	0.00000	0.00000	0.00000	0.00000	0.00000	0.00054	0.00024	0.00000	0.00000	0.00000	0.00000	0.00000
20	0.00000	0.00000	0.00000	0.00000	0.00000	0.00030	0.00030	0.00000	0.00006	0.00000	0.00000	0.00000
21	0.00000	0.00000	0.00000	0.00000	0.00000	0.00049	0.00024	0.00000	0.00000	0.00000	0.00000	0.00000
22	0.00000	0.00000	0.00000	0.00000	0.00006	0.00036	0.00055	0.00000	0.00000	0.00000	0.00000	0.00000
23	0.00000	0.00000	0.00000	0.00000	0.00000	0.00024	0.00036	0.00000	0.00000	0.00000	0.00000	0.00000
24	0.00000	0.00000	0.00000	0.00000	0.00000	0.00036	0.00030	0.00000	0.00000	0.00000	0.00000	0.00000
pos	A>C	A>G	A>T	C>A	C>G	C>T	G>A	G>C	G>T	T>A	T>C	T>G
 0	0.00011	0.00000	0.00000	0.00012	0.00012	0.01092	0.14036	0.00006	0.00012	0.00011	0.00016	0.00005
 1	0.00071	0.00033	0.00022	0.00024	0.00036	0.00993	0.07014	0.00079	0.00024	0.00011	0.00022	0.00027
 2	0.00016	0.00038	0.00043	0.00012	0.00036	0.01031	0.05230	0.00018	0.00036	0.00011	0.00027	0.00022
 3	0.00033	0.00055	0.00033	0.00043	0.00018	0.00972	0.04363	0.00036	0.00024	0.00060	0.00011	0.00027
 4	0.00038	0.00038	0.00027	0.00043	0.00043	0.00814	0.03432	0.00042	0.00042	0.00043	0.00022	0.00059
 5	0.00022	0.00016	0.00033	0.00036	0.00012	0.00762	0.02858	0.00030	0.00012	0.00044	0.00011	0.00000
 6	0.00027	0.00038	0.00022	0.00018	0.00030	0.00727	0.02143	0.00024	0.00006	0.00027	0.00022	0.00022
 7	0.00005	0.00005	0.00011	0.00030	0.00012	0.00411	0.01265	0.00012	0.00018	0.00027	0.00011	0.00027
 8	0.00011	0.00016	0.00000	0.00000	0.00018	0.00303	0.00729	0.00006	0.00018	0.00016	0.00022	0.00000
 9	0.00011	0.00000	0.00005	0.00012	0.00006	0.00128	0.00346	0.00006	0.00000	0.00000	0.00000	0.00000
10	0.00005	0.00000	0.00005	0.00000	0.00000	0.00024	0.00158	0.00006	0.00000	0.00005	0.00005	0.00005
11	0.00000	0.00000	0.00000	0.00000	0.00000	0.00006	0.00006	0.00000	0.00000	0.00000	0.00000	0.00000
12	0.00000	0.00000	0.00000	0.00000	0.00000	0.00000	0.00000	0.00000	0.00006	0.00000	0.00000	0.00000
13	0.00000	0.00000	0.00000	0.00000	0.00000	0.00000	0.00000	0.00000	0.00000	0.00000	0.00000	0.00000
14	0.00000	0.00000	0.00000	0.00000	0.00000	0.00000	0.00000	0.00000	0.00000	0.00000	0.00000	0.00000
15	0.00000	0.00005	0.00005	0.00012	0.00006	0.00157	0.00177	0.00000	0.00006	0.00011	0.00000	0.00005
16	0.00000	0.00011	0.00011	0.00006	0.00000	0.00264	0.00416	0.00012	0.00012	0.00000	0.00016	0.00005
17	0.00011	0.00022	0.00005	0.00006	0.00012	0.00458	0.00641	0.00018	0.00000	0.00011	0.00016	0.00011
18	0.00011	0.00011	0.00005	0.00030	0.00006	0.00637	0.00789	0.00030	0.00024	0.00011	0.00016	0.00043
19	0.00000	0.00000	0.00000	0.00000	0.00000	0.00054	0.00018	0.00000	0.00000	0.00000	0.00000	0.00000
20	0.00000	0.00000	0.00000	0.00000	0.00000	0.00030	0.00030	0.00000	0.00000	0.00000	0.00000	0.00000
21	0.00000	0.00000	0.00000	0.00000	0.00000	0.00036	0.00037	0.00000	0.00000	0.00000	0.00000	0.00000
22	0.00000	0.00000	0.00000	0.00000	0.00000	0.00036	0.00043	0.00000	0.00000	0.00005	0.00000	0.00000
23	0.00000	0.00000	0.00000	0.00000	0.00000	0.00024	0.00043	0.00000	0.00000	0.00005	0.00000	0.00000
24	0.00000	0.00005	0.00000	0.00000	0.00000	0.00049	0.00062	0.00000	0.00000	0.00000	0.00011	0.00000
