pos	A>C	A>G	A>T	C>A	C>G	C>T	G>A	G>C	G>T	T>A	T>C	T>G
 0	0.00952	0.01905	0.00952	0.02752	0.00000	0.23853	0.00943	0.01887	0.02830	0.00000	0.00877	0.00000
 1	0.00000	0.00909	0.00000	0.01020	0.00000	0.05102	0.02830	0.00000	0.00000	0.00000	0.00000	0.00833
 2	0.00855	0.00000	0.00855	0.00000	0.00000	0.09574	0.00909	0.00000	0.00909	0.00000	0.01724	0.00862
 3	0.01562	0.00781	0.00000	0.00000	0.00000	0.02830	0.02299	0.00000	0.01149	0.00000	0.00847	0.00847
 4	0.00000	0.00833	0.00000	0.00000	0.00962	0.00962	0.03093	0.00000	0.00000	0.00813	0.00813	0.00000
 5	0.00800	0.03200	0.00800	0.00000	0.00000	0.03061	0.00909	0.00000	0.00909	0.01770	0.00000	0.00885
 6	0.00746	0.00000	0.00746	0.00000	0.00000	0.04040	0.02521	0.00840	0.00000	0.00000	0.00000	0.00000
 7	0.00000	0.00840	0.00000	0.00000	0.00000	0.05941	0.02041	0.00000	0.00000	0.00000	0.00769	0.00769
 8	0.00000	0.00000	0.00000	0.00000	0.00000	0.00917	0.00000	0.00000	0.00000	0.00917	0.00917	0.00000
 9	0.00000	0.00000	0.00794	0.00000	0.00000	0.00000	0.00000	0.00000	0.00000	0.00000	0.00000	0.00917
10	0.00000	0.00000	0.00000	0.00000	0.00000	0.00952	0.00000	0.00000	0.00840	0.00000	0.00000	0.00000
11	0.00000	0.00000	0.00000	0.00000	0.00000	0.00000	0.00000	0.00000	0.00000	0.00000	0.00000	0.00000
12	0.00000	0.00000	0.00000	0.00000	0.00000	0.00909	0.00971	0.00000	0.00000	0.00000	0.00000	0.00000
13	0.00000	0.00000	0.00000	0.00000	0.00000	0.00000	0.00000	0.00000	0.00000	0.00000	0.00000	0.00000
14	0.00000	0.00000	0.00000	0.00000	0.00000	0.00000	0.00000	0.00000	0.00000	0.00000	0.00000	0.00000
15	0.00000	0.00833	0.00000	0.00000	0.00000	0.00000	0.00000	0.00000	0.00000	0.00943	0.02830	0.00000
16	0.00000	0.00000	0.00000	0.00000	0.00000	0.00000	0.01681	0.00000	0.00000	0.00000	0.00980	0.00000
17	0.00752	0.00752	0.00000	0.00000	0.00000	0.00935	0.00000	0.00000	0.00000	0.00917	0.00000	0.00000
18	0.00000	0.00855	0.00855	0.01064	0.00000	0.00000	0.01626	0.00000	0.00813	0.00000	0.00000	0.00000
19	0.00725	0.00000	0.00725	0.00000	0.01053	0.02105	0.02778	0.00000	0.00926	0.00000	0.00917	0.00000
20	0.00000	0.02727	0.00909	0.00000	0.00000	0.01887	0.03604	0.00000	0.00901	0.00000	0.01639	0.00820
21	0.00877	0.00877	0.00000	0.00000	0.00000	0.03704	0.00962	0.01923	0.00000	0.00000	0.03226	0.00000
22	0.00000	0.01587	0.00794	0.00000	0.00000	0.01075	0.00000	0.00000	0.00000	0.00833	0.02500	0.00000
23	0.00000	0.00752	0.00000	0.00000	0.00000	0.02105	0.00971	0.02913	0.00000	0.01681	0.00840	0.00000
24	0.00000	0.01527	0.00000	0.01010	0.00000	0.02020	0.00000	0.00000	0.01724	0.00000	0.00000	0.00000
pos	A>C	A>G	A>T	C>A	C>G	C>T	G>A	G>C	G>T	T>A	T>C	T>G
 0	0.00826	0.00826	0.00000	0.00000	0.01111	0.05556	0.11702	0.01064	0.01064	0.00775	0.02326	0.00000
 1	0.00893	0.00893	0.00000	0.00000	0.01087	0.03261	0.10680	0.00000	0.00971	0.01575	0.00000	0.00787
 2	0.00893	0.01786	0.00893	0.00000	0.00000	0.00862	0.08602	0.00000	0.00000	0.00000	0.01754	0.00877
 3	0.00000	0.01709	0.00855	0.00000	0.00000	0.02857	0.04082	0.00000	0.01020	0.00000	0.00862	0.00862
 4	0.00000	0.00870	0.00000	0.00000	0.00000	0.00935	0.02174	0.00000	0.01087	0.01626	0.00000	0.00813
 5	0.00787	0.03150	0.01575	0.00935	0.00000	0.03738	0.02299	0.00000	0.00000	0.00840	0.00840	0.00840
 6	0.00000	0.00926	0.00000	0.00800	0.00000	0.01600	0.02222	0.00000	0.02222	0.01667	0.00833	0.00000
 7	0.00000	0.01724	0.00862	0.00000	0.00000	0.00000	0.01942	0.00000	0.00000	0.00000	0.00000	0.00000
 8	0.00000	0.01562	0.00781	0.00000	0.00000	0.02041	0.00000	0.00000	0.00000	0.00000	0.00000	0.00000
 9	0.00000	0.00000	0.00909	0.00000	0.00000	0.00000	0.00870	0.00000	0.00000	0.00000	0.00000	0.00000
10	0.00000	0.00000	0.00000	0.00000	0.00000	0.00000	0.00000	0.00000	0.00000	0.00000	0.00000	0.00769
11	0.00000	0.00000	0.00000	0.00000	0.00000	0.00000	0.00000	0.00000	0.00000	0.00000	0.00000	0.00000
12	0.00000	0.00000	0.00000	0.00000	0.00000	0.00000	0.00000	0.00000	0.00000	0.00000	0.00000	0.00000
13	0.00000	0.00000	0.00000	0.00000	0.00000	0.00000	0.00000	0.00000	0.00000	0.00000	0.00000	0.00000
14	0.00000	0.00000	0.00000	0.00000	0.00000	0.00000	0.00000	0.00000	0.00000	0.00000	0.00000	0.00000
15	0.00000	0.00000	0.00000	0.00000	0.00000	0.00000	0.00000	0.00000	0.00000	0.00000	0.00000	0.00000
16	0.00000	0.00926	0.00000	0.00971	0.00000	0.00000	0.00926	0.00000	0.00926	0.00000	0.00000	0.00000
17	0.00769	0.00769	0.01538	0.00862	0.00000	0.00862	0.01020	0.00000	0.00000	0.00943	0.00000	0.00000
18	0.00000	0.00000	0.00813	0.00000	0.00000	0.00000	0.00901	0.00000	0.00901	0.00000	0.00000	0.00000
19	0.00000	0.01754	0.00000	0.00000	0.00000	0.00000	0.01887	0.00000	0.00000	0.01600	0.00800	0.00000
20	0.00000	0.01869	0.00000	0.00000	0.00000	0.01905	0.00990	0.00000	0.00000	0.00000	0.00730	0.01460
21	0.00000	0.00000	0.00000	0.00000	0.00000	0.00000	0.02857	0.00000	0.00000	0.00000	0.00813	0.00000
22	0.00000	0.00943	0.00943	0.00000	0.00000	0.00000	0.00909	0.00000	0.00000	0.00813	0.00813	0.00000
23	0.00962	0.00962	0.00000	0.01980	0.00000	0.00990	0.00917	0.00000	0.00917	0.01471	0.00000	0.00735
24	0.00758	0.00000	0.02273	0.00000	0.00000	0.00000	0.00000	0.00000	0.00000	0.00000	0.00826	0.00000
