pos	A>C	A>G	A>T	C>A	C>G	C>T	G>A	G>C	G>T	T>A	T>C	T>G
 0	0.01163	0.02713	0.00775	0.00000	0.00966	0.19807	0.03000	0.00000	0.00500	0.00392	0.01176	0.00392
 1	0.00000	0.00760	0.00000	0.00457	0.00000	0.09132	0.02488	0.00000	0.00000	0.00844	0.00844	0.00000
 2	0.00830	0.00415	0.00415	0.00926	0.00463	0.05093	0.01031	0.00000	0.01546	0.00372	0.02974	0.00372
 3	0.00000	0.00394	0.00394	0.00893	0.00893	0.04911	0.01980	0.00495	0.00000	0.00000	0.01224	0.00408
 4	0.00397	0.00794	0.00000	0.00000	0.00510	0.02041	0.01351	0.00450	0.00000	0.00769	0.00769	0.00769
 5	0.00400	0.00400	0.00000	0.00495	0.00000	0.00495	0.00457	0.00000	0.00457	0.00373	0.01119	0.00000
 6	0.00391	0.00391	0.01172	0.00980	0.00000	0.03431	0.00870	0.00000	0.00000	0.00000	0.00397	0.00000
 7	0.00392	0.00392	0.00000	0.00000	0.00000	0.02283	0.00488	0.00488	0.00488	0.00379	0.00379	0.00379
 8	0.00000	0.00000	0.00000	0.00000	0.00442	0.00442	0.00885	0.00000	0.00000	0.00000	0.00000	0.00000
 9	0.00000	0.00379	0.00000	0.00000	0.00000	0.00000	0.00917	0.00000	0.00000	0.00000	0.00000	0.00000
10	0.00000	0.00000	0.00000	0.00000	0.00000	0.00000	0.00000	0.00000	0.00000	0.00000	0.00000	0.00000
11	0.00000	0.00000	0.00000	0.00000	0.00000	0.00000	0.00000	0.00000	0.00000	0.00000	0.00000	0.00000
12	0.00000	0.00000	0.00000	0.00000	0.00000	0.00000	0.00000	0.00000	0.00000	0.00000	0.00000	0.00000
13	0.00000	0.00000	0.00000	0.00000	0.00000	0.00000	0.00000	0.00000	0.00000	0.00000	0.00000	0.00000
14	0.00000	0.00000	0.00000	0.00000	0.00000	0.00000	0.00000	0.00000	0.00000	0.00000	0.00000	0.00000
15	0.00000	0.00412	0.00000	0.00000	0.00000	0.00000	0.00481	0.00000	0.00000	0.00376	0.00752	0.00000
16	0.00000	0.00000	0.00000	0.00000	0.00000	0.01389	0.00840	0.00000	0.00000	0.00000	0.00435	0.00000
17	0.00000	0.00369	0.00000	0.00000	0.00408	0.00816	0.02500	0.00500	0.00000	0.00847	0.01271	0.00000
18	0.00385	0.00000	0.00000	0.00439	0.00000	0.00439	0.02155	0.00431	0.00431	0.00000	0.02155	0.00000
19	0.00000	0.01818	0.00364	0.00000	0.00000	0.01422	0.02370	0.00000	0.00000	0.00000	0.02745	0.00784
20	0.00772	0.01544	0.00386	0.00000	0.00000	0.00939	0.01408	0.01408	0.00469	0.00000	0.01128	0.00000
21	0.00803	0.00803	0.00000	0.00000	0.00000	0.00467	0.01345	0.00897	0.00000	0.00377	0.01132	0.01132
22	0.00000	0.01215	0.00000	0.00000	0.00452	0.00452	0.01345	0.00000	0.00000	0.00766	0.01533	0.00383
23	0.00738	0.01476	0.00738	0.00000	0.00485	0.02913	0.01860	0.00465	0.00000	0.00385	0.01538	0.00000
24	0.00000	0.01923	0.00385	0.00469	0.00000	0.02817	0.00858	0.00429	0.00429	0.00000	0.00816	0.00000
pos	A>C	A>G	A>T	C>A	C>G	C>T	G>A	G>C	G>T	T>A	T>C	T>G
 0	0.00403	0.01613	0.01210	0.01546	0.00515	0.02577	0.13107	0.00000	0.00971	0.01099	0.01465	0.00366
 1	0.00400	0.00800	0.00800	0.00000	0.00957	0.01914	0.07619	0.00000	0.00952	0.00794	0.01587	0.00794
 2	0.00810	0.02024	0.00810	0.00000	0.00448	0.03587	0.06311	0.00485	0.00485	0.00397	0.01190	0.00794
 3	0.00000	0.01667	0.00000	0.00000	0.00000	0.01376	0.03721	0.01395	0.00465	0.00000	0.00388	0.00388
 4	0.00787	0.01181	0.00000	0.00000	0.00000	0.01351	0.02463	0.00000	0.00000	0.00389	0.01167	0.00389
 5	0.00364	0.00727	0.00000	0.01754	0.00000	0.03509	0.04128	0.00000	0.00000	0.00000	0.01351	0.00000
 6	0.00392	0.01569	0.00000	0.00855	0.00000	0.03419	0.01500	0.00500	0.00000	0.00391	0.00781	0.00000
 7	0.00000	0.02182	0.00000	0.00000	0.00000	0.00935	0.03318	0.00000	0.00000	0.00000	0.01220	0.00407
 8	0.00000	0.01079	0.00000	0.00000	0.00000	0.00000	0.00000	0.00000	0.00000	0.00000	0.00000	0.00000
 9	0.00000	0.00000	0.00000	0.00000	0.00000	0.00446	0.00000	0.00000	0.00000	0.00000	0.00000	0.00000
10	0.00000	0.00000	0.00000	0.00000	0.00513	0.00000	0.00000	0.00000	0.00000	0.00000	0.00000	0.00000
11	0.00000	0.00397	0.00000	0.00000	0.00000	0.00000	0.00000	0.00000	0.00000	0.00000	0.00000	0.00000
12	0.00000	0.00000	0.00000	0.00000	0.00000	0.00000	0.00000	0.00000	0.00000	0.00000	0.00000	0.00000
13	0.00000	0.00360	0.00000	0.00000	0.00000	0.00000	0.00000	0.00000	0.00000	0.00000	0.00000	0.00000
14	0.00000	0.00000	0.00000	0.00000	0.00000	0.00000	0.00000	0.00000	0.00000	0.00000	0.00000	0.00000
15	0.00000	0.00000	0.00000	0.00455	0.00000	0.00000	0.00481	0.00000	0.00481	0.00000	0.00376	0.00376
16	0.00000	0.00395	0.00000	0.00000	0.00000	0.00917	0.00405	0.00000	0.00000	0.00000	0.00000	0.00855
17	0.00000	0.01091	0.00000	0.01000	0.00000	0.02000	0.01357	0.00000	0.00000	0.00000	0.00781	0.00000
18	0.00746	0.01119	0.00373	0.00000	0.00483	0.00966	0.00971	0.00000	0.00971	0.00738	0.00738	0.00000
19	0.00377	0.01509	0.00000	0.00000	0.00444	0.02667	0.01422	0.00948	0.00000	0.00797	0.00797	0.00398
20	0.00000	0.02410	0.00000	0.00000	0.00000	0.01376	0.01364	0.00000	0.00000	0.01136	0.01515	0.00379
21	0.00000	0.00388	0.00000	0.00000	0.00000	0.00490	0.01345	0.00448	0.00448	0.01124	0.01873	0.00749
22	0.00000	0.00000	0.00000	0.00000	0.00429	0.00429	0.02283	0.00000	0.00457	0.00000	0.01186	0.00791
23	0.01255	0.00418	0.00837	0.00448	0.00000	0.00897	0.00417	0.00000	0.00417	0.00400	0.00400	0.00400
24	0.00000	0.02632	0.00000	0.00000	0.00000	0.02212	0.00995	0.00000	0.00498	0.00386	0.01158	0.00000
