pos	A>C	A>G	A>T	C>A	C>G	C>T	G>A	G>C	G>T	T>A	T>C	T>G
 0	0.00000	0.03404	0.01277	0.00476	0.01905	0.17143	0.02222	0.00889	0.00889	0.01172	0.01172	0.00391
 1	0.00766	0.02682	0.00383	0.00508	0.00508	0.04061	0.03398	0.00000	0.00000	0.01527	0.01527	0.00763
 2	0.00412	0.01646	0.00412	0.00980	0.00000	0.06863	0.01429	0.00952	0.01905	0.00369	0.00738	0.00000
 3	0.00000	0.01186	0.00000	0.00000	0.01357	0.03620	0.01887	0.00472	0.00943	0.00000	0.02033	0.00813
 4	0.00000	0.00413	0.00000	0.00000	0.00474	0.02370	0.01739	0.00000	0.00000	0.00391	0.01172	0.00391
 5	0.00389	0.00000	0.01167	0.00483	0.00000	0.03382	0.00935	0.00000	0.00935	0.00376	0.00376	0.00000
 6	0.00784	0.01176	0.00392	0.00442	0.00000	0.03540	0.02941	0.00000	0.00420	0.00000	0.00441	0.00000
 7	0.00000	0.00388	0.00000	0.00000	0.00000	0.02778	0.00995	0.00000	0.00000	0.00368	0.01471	0.00368
 8	0.00000	0.00000	0.00000	0.00000	0.00000	0.00905	0.00452	0.00000	0.00000	0.00000	0.00000	0.00813
 9	0.00000	0.00355	0.00000	0.00000	0.00000	0.00000	0.00939	0.00000	0.00000	0.00000	0.00000	0.00000
10	0.00000	0.00000	0.00000	0.00000	0.00000	0.00455	0.00000	0.00000	0.00000	0.00000	0.00000	0.00000
11	0.00000	0.00000	0.00000	0.00000	0.00000	0.00000	0.00000	0.00000	0.00000	0.00000	0.00000	0.00000
12	0.00000	0.00000	0.00000	0.00000	0.00000	0.00469	0.00427	0.00000	0.00000	0.00000	0.00000	0.00000
13	0.00000	0.00000	0.00000	0.00000	0.00000	0.00000	0.00000	0.00000	0.00000	0.00000	0.00000	0.00000
14	0.00000	0.00000	0.00000	0.00000	0.00000	0.00000	0.00000	0.00000	0.00000	0.00000	0.00000	0.00000
15	0.00000	0.00837	0.00000	0.00000	0.00000	0.00000	0.00000	0.00469	0.00469	0.00000	0.00355	0.00000
16	0.00422	0.00844	0.00000	0.00000	0.00000	0.00420	0.00855	0.00000	0.00427	0.00000	0.00418	0.00000
17	0.00000	0.01205	0.00000	0.00000	0.00000	0.00816	0.01456	0.00000	0.00000	0.00403	0.00806	0.00000
18	0.00784	0.00784	0.00392	0.00461	0.00000	0.00000	0.01266	0.00422	0.00000	0.00000	0.01255	0.00418
19	0.00000	0.01504	0.00000	0.00498	0.00000	0.00995	0.01376	0.00459	0.00000	0.00000	0.02662	0.01141
20	0.00763	0.00763	0.00000	0.00000	0.00952	0.00476	0.01351	0.00000	0.00000	0.01186	0.00791	0.00000
21	0.01095	0.01095	0.00365	0.00469	0.00000	0.00939	0.00980	0.00000	0.00000	0.00781	0.02344	0.00391
22	0.00368	0.01103	0.00000	0.00000	0.00000	0.01389	0.00472	0.00000	0.00000	0.00806	0.01210	0.00000
23	0.00000	0.00000	0.00361	0.00000	0.00493	0.04433	0.01415	0.01887	0.00000	0.00000	0.01172	0.00391
24	0.00000	0.01172	0.01172	0.00459	0.00459	0.01835	0.01786	0.00000	0.00446	0.00803	0.01606	0.01205
pos	A>C	A>G	A>T	C>A	C>G	C>T	G>A	G>C	G>T	T>A	T>C	T>G
 0	0.00422	0.00000	0.00844	0.02500	0.01500	0.05500	0.11765	0.00000	0.00452	0.00379	0.01515	0.00000
 1	0.00000	0.00844	0.02110	0.00498	0.00995	0.01990	0.08584	0.00429	0.01288	0.00398	0.01992	0.01195
 2	0.00418	0.01674	0.01255	0.00823	0.00000	0.06173	0.05641	0.00513	0.00000	0.01205	0.02410	0.00000
 3	0.00000	0.01210	0.00403	0.01415	0.00472	0.02358	0.05069	0.00461	0.00461	0.00000	0.00797	0.00797
 4	0.00791	0.00395	0.00395	0.00000	0.00000	0.01442	0.03382	0.00000	0.00483	0.00000	0.00758	0.00379
 5	0.00000	0.02308	0.00000	0.02137	0.00000	0.02137	0.05854	0.00488	0.00000	0.00830	0.01660	0.00000
 6	0.00000	0.01908	0.00382	0.00450	0.00450	0.01351	0.00467	0.00000	0.00000	0.00413	0.02066	0.00000
 7	0.00000	0.01736	0.00694	0.00474	0.00000	0.00474	0.01961	0.00490	0.00000	0.00418	0.00418	0.00000
 8	0.00000	0.00379	0.00000	0.00000	0.00000	0.00926	0.00943	0.00000	0.00000	0.00000	0.00000	0.00000
 9	0.00000	0.00772	0.00386	0.00485	0.00000	0.00000	0.00455	0.00000	0.00000	0.00000	0.00000	0.00000
10	0.00000	0.00000	0.00000	0.00000	0.00000	0.00000	0.00000	0.00000	0.00000	0.00000	0.00000	0.00000
11	0.00000	0.00000	0.00000	0.00000	0.00000	0.00000	0.00000	0.00000	0.00000	0.00000	0.00350	0.00000
12	0.00000	0.00000	0.00000	0.00000	0.00000	0.00000	0.00000	0.00000	0.00000	0.00000	0.00000	0.00000
13	0.00000	0.00000	0.00000	0.00000	0.00000	0.00000	0.00000	0.00000	0.00000	0.00000	0.00000	0.00000
14	0.00000	0.00000	0.00000	0.00000	0.00000	0.00000	0.00000	0.00000	0.00000	0.00000	0.00000	0.00000
15	0.00000	0.00766	0.00000	0.00000	0.00000	0.00000	0.00488	0.00000	0.00000	0.00000	0.00000	0.00000
16	0.00000	0.00415	0.00000	0.00000	0.00437	0.02183	0.00427	0.00000	0.00000	0.00410	0.00000	0.00410
17	0.00000	0.01071	0.00000	0.00000	0.00000	0.00488	0.00893	0.00000	0.00000	0.01674	0.00000	0.00000
18	0.00000	0.01224	0.00408	0.00000	0.00000	0.01370	0.01442	0.00000	0.00962	0.00362	0.00725	0.00000
19	0.00388	0.01938	0.00000	0.00000	0.00476	0.01429	0.02703	0.00450	0.00450	0.00388	0.00388	0.00388
20	0.00000	0.01953	0.00391	0.00000	0.00000	0.02000	0.00913	0.00000	0.00457	0.00735	0.02206	0.01103
21	0.00000	0.00403	0.00403	0.00427	0.00000	0.01282	0.00957	0.00000	0.00478	0.00389	0.01167	0.00389
22	0.00000	0.00794	0.00000	0.00000	0.00000	0.01724	0.02252	0.00450	0.00000	0.00413	0.01653	0.00413
23	0.00873	0.01747	0.00873	0.00943	0.00000	0.02358	0.01271	0.00000	0.00424	0.00369	0.00369	0.00369
24	0.00000	0.01805	0.00361	0.00858	0.00429	0.00429	0.01622	0.00000	0.00000	0.00000	0.00791	0.00000
