pos	A>C	A>G	A>T	C>A	C>G	C>T	G>A	G>C	G>T	T>A	T>C	T>G
 0	0.00370	0.02593	0.01852	0.00000	0.01961	0.17157	0.03141	0.00000	0.02094	0.00837	0.02092	0.00418
 1	0.00377	0.04151	0.00000	0.00000	0.00476	0.04762	0.03000	0.00000	0.00500	0.00873	0.00873	0.00000
 2	0.01316	0.00877	0.00439	0.00000	0.00000	0.07071	0.03167	0.00905	0.00905	0.00382	0.01145	0.00000
 3	0.00389	0.00778	0.00778	0.00467	0.01402	0.04206	0.02752	0.00000	0.00917	0.00448	0.00897	0.01345
 4	0.00830	0.00415	0.01245	0.00000	0.00508	0.04569	0.01980	0.00000	0.00000	0.00000	0.01434	0.00358
 5	0.00418	0.00000	0.00837	0.00922	0.00000	0.02765	0.01835	0.00000	0.00917	0.00402	0.00803	0.00402
 6	0.01149	0.00383	0.00383	0.00926	0.00000	0.01852	0.02283	0.00000	0.00000	0.00000	0.00873	0.00000
 7	0.00000	0.00382	0.00382	0.00000	0.00467	0.00935	0.00495	0.00000	0.00000	0.00000	0.01190	0.00397
 8	0.00000	0.00000	0.00400	0.00463	0.00000	0.00926	0.00897	0.00000	0.00000	0.00000	0.00408	0.00816
 9	0.00000	0.00813	0.00407	0.00000	0.00000	0.00463	0.01382	0.00000	0.00000	0.00000	0.00391	0.00000
10	0.00000	0.00366	0.00366	0.00000	0.00000	0.00000	0.00000	0.00000	0.00000	0.00000	0.00000	0.00000
11	0.00000	0.00000	0.00000	0.00000	0.00000	0.00000	0.00000	0.00000	0.00000	0.00000	0.00000	0.00000
12	0.00000	0.00000	0.00427	0.00000	0.00000	0.00000	0.00452	0.00000	0.00000	0.00000	0.00000	0.00000
13	0.00000	0.00000	0.00373	0.00000	0.00000	0.00000	0.00000	0.00000	0.00000	0.00000	0.00000	0.00000
14	0.00000	0.00000	0.00368	0.00000	0.00000	0.00000	0.00000	0.00000	0.00000	0.00000	0.00000	0.00000
15	0.00000	0.00407	0.00000	0.00000	0.00000	0.00000	0.00893	0.00446	0.00000	0.00000	0.00410	0.00000
16	0.00383	0.00000	0.00000	0.00469	0.00000	0.00469	0.00897	0.00448	0.00000	0.00415	0.00415	0.00000
17	0.00755	0.01132	0.00377	0.00885	0.00000	0.00000	0.00000	0.00000	0.00000	0.00000	0.00415	0.00000
18	0.00813	0.00407	0.00407	0.00457	0.00000	0.01370	0.01619	0.00000	0.00000	0.00442	0.00885	0.00885
19	0.00375	0.01498	0.00375	0.00481	0.00000	0.00962	0.01382	0.00000	0.00000	0.00813	0.01220	0.00813
20	0.00778	0.01946	0.00778	0.00000	0.00000	0.00000	0.02336	0.00000	0.00467	0.00375	0.01873	0.00000
21	0.00386	0.01544	0.00000	0.00465	0.00000	0.01395	0.00483	0.00483	0.00000	0.00000	0.01556	0.00389
22	0.00000	0.02000	0.00000	0.00893	0.00000	0.01339	0.00935	0.00000	0.00000	0.00800	0.03200	0.00400
23	0.01149	0.01149	0.00766	0.00000	0.00000	0.02392	0.00966	0.00483	0.00000	0.00766	0.01149	0.00383
24	0.00000	0.00388	0.00388	0.00935	0.00467	0.01869	0.02632	0.00000	0.00000	0.00420	0.00000	0.00420
pos	A>C	A>G	A>T	C>A	C>G	C>T	G>A	G>C	G>T	T>A	T>C	T>G
 0	0.00000	0.01739	0.00870	0.02778	0.00463	0.04167	0.13043	0.00000	0.00966	0.01575	0.02756	0.00000
 1	0.00000	0.01230	0.00820	0.00457	0.00913	0.04566	0.07339	0.01376	0.00917	0.00885	0.01770	0.01770
 2	0.00791	0.01581	0.01186	0.00000	0.00000	0.04464	0.05213	0.00474	0.00000	0.01357	0.01357	0.00905
 3	0.00000	0.01186	0.00395	0.00000	0.00459	0.01376	0.04110	0.00913	0.00457	0.00000	0.00000	0.00446
 4	0.00826	0.00413	0.00826	0.00000	0.00505	0.01010	0.02817	0.00000	0.00939	0.00376	0.00752	0.00752
 5	0.01200	0.01200	0.00400	0.00431	0.00000	0.01293	0.02273	0.00000	0.00909	0.00885	0.00442	0.00885
 6	0.00408	0.00408	0.00408	0.01382	0.00000	0.01382	0.01415	0.00000	0.00000	0.00000	0.00784	0.00784
 7	0.00000	0.00760	0.00000	0.00452	0.00000	0.00905	0.01951	0.00488	0.00000	0.00816	0.00816	0.00000
 8	0.00000	0.01154	0.00385	0.00000	0.00000	0.00446	0.00948	0.00000	0.00474	0.00000	0.00000	0.00418
 9	0.00000	0.00424	0.00000	0.00000	0.00000	0.00000	0.00952	0.00000	0.00000	0.00000	0.00000	0.00000
10	0.00000	0.00000	0.00000	0.00000	0.00000	0.00000	0.00000	0.00000	0.00000	0.00388	0.00000	0.00000
11	0.00000	0.00000	0.00000	0.00000	0.00000	0.00000	0.00000	0.00000	0.00000	0.00000	0.00000	0.00000
12	0.00000	0.00000	0.00000	0.00000	0.00000	0.00000	0.00000	0.00000	0.00000	0.00410	0.00000	0.00000
13	0.00000	0.00000	0.00000	0.00000	0.00000	0.00000	0.00000	0.00000	0.00000	0.00000	0.00000	0.00000
14	0.00000	0.00000	0.00000	0.00000	0.00000	0.00000	0.00000	0.00000	0.00000	0.00427	0.00000	0.00000
15	0.00000	0.00000	0.00000	0.00435	0.00000	0.00435	0.00469	0.00000	0.00000	0.00000	0.00000	0.00000
16	0.00000	0.01288	0.00429	0.00448	0.00000	0.00448	0.00000	0.00000	0.00000	0.00000	0.00385	0.00385
17	0.00000	0.00391	0.00000	0.00444	0.00000	0.01778	0.00971	0.00000	0.00485	0.00000	0.01195	0.00000
18	0.00389	0.01167	0.00389	0.00985	0.00000	0.01478	0.01818	0.00455	0.00455	0.00778	0.00778	0.00389
19	0.00368	0.00735	0.00368	0.00000	0.00000	0.01442	0.00467	0.00467	0.01402	0.00410	0.01639	0.00820
20	0.00397	0.01984	0.00794	0.00000	0.00000	0.02427	0.01942	0.00000	0.00000	0.01103	0.00735	0.00735
21	0.00000	0.00000	0.00422	0.00448	0.00000	0.00448	0.01887	0.00000	0.00000	0.00376	0.01128	0.00376
22	0.00000	0.00000	0.00408	0.00000	0.00000	0.01351	0.00488	0.00000	0.00976	0.00752	0.01880	0.00000
23	0.00431	0.00431	0.02155	0.00485	0.00971	0.00000	0.00800	0.00400	0.00400	0.00402	0.00803	0.00803
24	0.00391	0.01172	0.00000	0.01376	0.00000	0.01376	0.01478	0.00493	0.00000	0.00000	0.00766	0.00000
