pos	A>C	A>G	A>T	C>A	C>G	C>T	G>A	G>C	G>T	T>A	T>C	T>G
 0	0.00391	0.01807	0.00354	0.00207	0.00187	0.16425	0.02342	0.00060	0.00320	0.00164	0.01293	0.00601
 1	0.00541	0.01533	0.00289	0.00209	0.00230	0.08522	0.02495	0.00204	0.00327	0.00238	0.01428	0.00513
 2	0.00533	0.01434	0.00110	0.00250	0.00167	0.06043	0.02023	0.00123	0.00225	0.00143	0.01112	0.00377
 3	0.00437	0.01237	0.00127	0.00311	0.00104	0.04561	0.01663	0.00101	0.00284	0.00127	0.00873	0.00527
 4	0.00159	0.00848	0.00088	0.00144	0.00062	0.04103	0.01634	0.00124	0.00103	0.00092	0.01212	0.00220
 5	0.00466	0.00967	0.00286	0.00284	0.00122	0.03373	0.01386	0.00163	0.00183	0.00201	0.00877	0.00347
 6	0.00276	0.00882	0.00092	0.00223	0.00122	0.02228	0.01183	0.00100	0.00100	0.00072	0.00849	0.00361
 7	0.00145	0.00452	0.00018	0.00082	0.00061	0.01651	0.00663	0.00060	0.00121	0.00073	0.00581	0.00218
 8	0.00090	0.00271	0.00072	0.00000	0.00062	0.00964	0.00464	0.00060	0.00081	0.00090	0.00198	0.00126
 9	0.00054	0.00126	0.00000	0.00020	0.00000	0.00613	0.00265	0.00000	0.00041	0.00036	0.00125	0.00054
10	0.00018	0.00072	0.00018	0.00000	0.00000	0.00122	0.00162	0.00000	0.00000	0.00000	0.00055	0.00055
11	0.00000	0.00000	0.00000	0.00000	0.00000	0.00000	0.00000	0.00000	0.00000	0.00000	0.00000	0.00000
12	0.00000	0.00000	0.00000	0.00000	0.00000	0.00021	0.00020	0.00000	0.00000	0.00000	0.00018	0.00000
13	0.00000	0.00000	0.00000	0.00000	0.00000	0.00000	0.00021	0.00000	0.00000	0.00000	0.00000	0.00018
14	0.00000	0.00000	0.00000	0.00000	0.00000	0.00000	0.00021	0.00000	0.00000	0.00000	0.00000	0.00000
15	0.00054	0.00126	0.00018	0.00041	0.00041	0.00306	0.00348	0.00000	0.00000	0.00000	0.00233	0.00143
16	0.00071	0.00393	0.00054	0.00083	0.00021	0.00889	0.00427	0.00000	0.00020	0.00036	0.00341	0.00162
17	0.00160	0.00605	0.00018	0.00143	0.00082	0.01122	0.01431	0.00041	0.00163	0.00091	0.00526	0.00254
18	0.00420	0.00584	0.00128	0.00144	0.00103	0.01394	0.01351	0.00099	0.00199	0.00181	0.00740	0.00289
19	0.00325	0.01083	0.00054	0.00100	0.00060	0.01045	0.01059	0.00061	0.00122	0.00091	0.01217	0.00381
20	0.00366	0.01189	0.00073	0.00162	0.00081	0.01153	0.01153	0.00081	0.00142	0.00179	0.00969	0.00341
21	0.00269	0.01112	0.00108	0.00181	0.00121	0.01048	0.01237	0.00060	0.00100	0.00167	0.00967	0.00298
22	0.00270	0.00989	0.00018	0.00100	0.00160	0.01304	0.01242	0.00061	0.00143	0.00183	0.01005	0.00329
23	0.00392	0.00961	0.00089	0.00183	0.00082	0.01223	0.01164	0.00060	0.00161	0.00111	0.01199	0.00351
24	0.00374	0.01212	0.00089	0.00123	0.00225	0.00838	0.01183	0.00143	0.00082	0.00109	0.01123	0.00199
pos	A>C	A>G	A>T	C>A	C>G	C>T	G>A	G>C	G>T	T>A	T>C	T>G
 0	0.00623	0.01412	0.00202	0.00307	0.00082	0.02637	0.13977	0.00163	0.00346	0.00203	0.01529	0.00369
 1	0.00563	0.01308	0.00145	0.00061	0.00244	0.02363	0.08026	0.00163	0.00224	0.00149	0.01661	0.00392
 2	0.00548	0.01606	0.00146	0.00286	0.00163	0.02532	0.06149	0.00184	0.00205	0.00220	0.01482	0.00531
 3	0.00275	0.01208	0.00183	0.00285	0.00143	0.02056	0.04203	0.00124	0.00373	0.00198	0.00953	0.00378
 4	0.00234	0.00919	0.00126	0.00205	0.00062	0.01520	0.03310	0.00125	0.00208	0.00107	0.00910	0.00375
 5	0.00252	0.00990	0.00072	0.00201	0.00100	0.01747	0.02997	0.00204	0.00204	0.00110	0.01083	0.00367
 6	0.00384	0.00877	0.00164	0.00160	0.00181	0.01284	0.02230	0.00082	0.00184	0.00090	0.00954	0.00306
 7	0.00250	0.00410	0.00036	0.00123	0.00020	0.00736	0.01334	0.00020	0.00061	0.00055	0.00658	0.00165
 8	0.00109	0.00344	0.00000	0.00060	0.00080	0.00599	0.00757	0.00061	0.00020	0.00036	0.00545	0.00073
 9	0.00054	0.00269	0.00000	0.00020	0.00041	0.00223	0.00347	0.00041	0.00041	0.00018	0.00127	0.00036
10	0.00018	0.00018	0.00018	0.00000	0.00000	0.00021	0.00081	0.00000	0.00000	0.00000	0.00089	0.00000
11	0.00000	0.00000	0.00000	0.00000	0.00000	0.00000	0.00000	0.00000	0.00000	0.00000	0.00000	0.00000
12	0.00000	0.00000	0.00000	0.00000	0.00000	0.00000	0.00000	0.00000	0.00000	0.00000	0.00000	0.00000
13	0.00000	0.00018	0.00000	0.00000	0.00000	0.00020	0.00000	0.00000	0.00000	0.00000	0.00000	0.00000
14	0.00000	0.00000	0.00000	0.00000	0.00000	0.00000	0.00000	0.00000	0.00000	0.00000	0.00000	0.00000
15	0.00054	0.00233	0.00036	0.00020	0.00020	0.00284	0.00494	0.00021	0.00062	0.00054	0.00252	0.00090
16	0.00166	0.00258	0.00018	0.00098	0.00059	0.00609	0.00676	0.00041	0.00061	0.00036	0.00471	0.00217
17	0.00126	0.00685	0.00126	0.00207	0.00104	0.00912	0.01162	0.00040	0.00060	0.00108	0.00700	0.00162
18	0.00290	0.00871	0.00073	0.00281	0.00060	0.01323	0.01287	0.00020	0.00102	0.00145	0.00777	0.00289
19	0.00306	0.00953	0.00090	0.00160	0.00080	0.01102	0.00905	0.00206	0.00226	0.00181	0.00997	0.00472
20	0.00235	0.00904	0.00181	0.00181	0.00121	0.01311	0.00777	0.00082	0.00123	0.00018	0.01063	0.00541
21	0.00361	0.00956	0.00217	0.00139	0.00139	0.01211	0.01614	0.00101	0.00161	0.00074	0.00964	0.00371
22	0.00397	0.01066	0.00163	0.00141	0.00060	0.00905	0.00869	0.00062	0.00083	0.00090	0.01074	0.00322
23	0.00357	0.00892	0.00125	0.00244	0.00163	0.01118	0.01162	0.00061	0.00184	0.00109	0.01054	0.00473
24	0.00290	0.00905	0.00091	0.00123	0.00102	0.00940	0.00920	0.00164	0.00205	0.00160	0.01067	0.00284
