pos	A>C	A>G	A>T	C>A	C>G	C>T	G>A	G>C	G>T	T>A	T>C	T>G
 0	0.00000	0.02593	0.01481	0.00000	0.01195	0.16733	0.02991	0.00000	0.00855	0.00361	0.01083	0.00361
 1	0.00000	0.02448	0.00350	0.00000	0.00840	0.06303	0.03636	0.00000	0.00000	0.01042	0.01389	0.00347
 2	0.00738	0.01107	0.00000	0.01240	0.00413	0.06612	0.01653	0.00826	0.00826	0.00714	0.01071	0.00357
 3	0.00000	0.01394	0.00348	0.00429	0.00858	0.03863	0.01200	0.00400	0.00400	0.00373	0.01493	0.00000
 4	0.00352	0.01056	0.00000	0.00435	0.00435	0.02174	0.02362	0.00000	0.00394	0.00000	0.00357	0.00357
 5	0.01017	0.00000	0.00678	0.00441	0.00000	0.02643	0.01633	0.00000	0.00408	0.00347	0.00347	0.00000
 6	0.00345	0.00000	0.00690	0.00830	0.00415	0.02490	0.01961	0.00000	0.00000	0.00000	0.01111	0.00000
 7	0.00725	0.01087	0.00000	0.00000	0.00413	0.02066	0.01310	0.00000	0.00000	0.00641	0.00962	0.00321
 8	0.00000	0.00000	0.00000	0.00397	0.00000	0.01190	0.00000	0.00000	0.00000	0.00000	0.00000	0.01099
 9	0.00000	0.00000	0.00000	0.00000	0.00000	0.00397	0.01681	0.00000	0.00000	0.00000	0.00000	0.00000
10	0.00000	0.00000	0.00000	0.00000	0.00000	0.00000	0.00000	0.00000	0.00000	0.00000	0.00000	0.00000
11	0.00000	0.00000	0.00000	0.00000	0.00000	0.00000	0.00000	0.00000	0.00000	0.00000	0.00000	0.00000
12	0.00000	0.00000	0.00000	0.00000	0.00000	0.00439	0.00391	0.00000	0.00000	0.00000	0.00000	0.00000
13	0.00000	0.00000	0.00000	0.00000	0.00000	0.00000	0.00000	0.00000	0.00000	0.00000	0.00000	0.00000
14	0.00000	0.00000	0.00000	0.00000	0.00000	0.00000	0.00000	0.00000	0.00000	0.00000	0.00000	0.00000
15	0.00000	0.00709	0.00000	0.00000	0.00000	0.00000	0.00847	0.00000	0.00424	0.00346	0.00692	0.00000
16	0.00000	0.00000	0.00000	0.00000	0.00000	0.00398	0.00794	0.00000	0.00000	0.00000	0.01825	0.00000
17	0.00340	0.00340	0.00000	0.00385	0.00000	0.01154	0.00457	0.00913	0.00457	0.00345	0.01034	0.00000
18	0.00000	0.00990	0.00000	0.00398	0.00000	0.00398	0.01504	0.00376	0.00000	0.00000	0.01646	0.00412
19	0.00309	0.02160	0.00309	0.00000	0.00000	0.01653	0.00873	0.00000	0.00437	0.00375	0.02247	0.00749
20	0.00658	0.00987	0.00000	0.00000	0.00442	0.00885	0.02991	0.00000	0.00427	0.00669	0.02676	0.00000
21	0.00346	0.01384	0.00000	0.00000	0.00000	0.01255	0.01575	0.00394	0.00000	0.00357	0.01071	0.00357
22	0.00366	0.00733	0.00000	0.00000	0.00000	0.01181	0.00417	0.00417	0.00000	0.00338	0.00676	0.00338
23	0.00322	0.01286	0.00322	0.00000	0.01271	0.02966	0.00873	0.00873	0.00000	0.00000	0.02787	0.00000
24	0.00000	0.01672	0.00669	0.00000	0.00901	0.00450	0.02256	0.00000	0.00376	0.00000	0.01455	0.00000
pos	A>C	A>G	A>T	C>A	C>G	C>T	G>A	G>C	G>T	T>A	T>C	T>G
 0	0.00000	0.01481	0.01111	0.00457	0.01370	0.02740	0.11392	0.00422	0.01266	0.00664	0.01993	0.01329
 1	0.00000	0.02198	0.00366	0.00415	0.01245	0.03734	0.10204	0.00000	0.00816	0.00746	0.02985	0.01119
 2	0.00727	0.01818	0.01091	0.00000	0.00000	0.04098	0.05328	0.00820	0.00410	0.00752	0.02632	0.00000
 3	0.00000	0.01799	0.00000	0.00830	0.00000	0.00830	0.04274	0.00427	0.00427	0.00000	0.00000	0.01068
 4	0.00722	0.01444	0.00361	0.00000	0.00000	0.01271	0.03111	0.00000	0.00000	0.00660	0.00330	0.00330
 5	0.00341	0.01024	0.00000	0.01887	0.00000	0.03019	0.02490	0.00000	0.00000	0.00395	0.00791	0.00395
 6	0.00000	0.02098	0.00350	0.00803	0.00000	0.03213	0.01674	0.00418	0.00000	0.00356	0.00712	0.00356
 7	0.00000	0.01695	0.00678	0.00000	0.00000	0.00000	0.02101	0.00000	0.00000	0.00000	0.00362	0.00000
 8	0.00000	0.01370	0.00000	0.00000	0.00000	0.01633	0.00413	0.00000	0.01240	0.00000	0.00000	0.00000
 9	0.00000	0.00000	0.00000	0.00000	0.00000	0.00448	0.00408	0.00000	0.00000	0.00338	0.00000	0.00000
10	0.00000	0.00000	0.00000	0.00000	0.00000	0.00000	0.00000	0.00000	0.00000	0.00000	0.00000	0.00000
11	0.00000	0.00000	0.00000	0.00000	0.00000	0.00000	0.00000	0.00000	0.00000	0.00000	0.00000	0.00000
12	0.00000	0.00000	0.00000	0.00000	0.00000	0.00000	0.00000	0.00000	0.00000	0.00000	0.00000	0.00000
13	0.00000	0.00000	0.00000	0.00000	0.00000	0.00000	0.00000	0.00000	0.00000	0.00000	0.00000	0.00000
14	0.00000	0.00000	0.00000	0.00000	0.00000	0.00000	0.00000	0.00000	0.00000	0.00000	0.00000	0.00000
15	0.00000	0.00000	0.00000	0.00000	0.00000	0.00000	0.00450	0.00000	0.00000	0.00000	0.00000	0.00344
16	0.00000	0.00373	0.00373	0.00000	0.00000	0.00797	0.00364	0.00000	0.00000	0.00372	0.00743	0.00372
17	0.00000	0.00977	0.00326	0.00000	0.00000	0.01633	0.00833	0.00000	0.00000	0.00738	0.00369	0.00000
18	0.00000	0.01075	0.00358	0.00000	0.00000	0.02024	0.00426	0.00000	0.00426	0.00332	0.00332	0.00000
19	0.00340	0.01701	0.00000	0.00000	0.00000	0.01240	0.00794	0.00397	0.00794	0.00364	0.00000	0.00000
20	0.00730	0.01460	0.01095	0.00000	0.00000	0.02429	0.01235	0.00000	0.00000	0.00669	0.01003	0.00334
21	0.00348	0.01742	0.00348	0.00844	0.00000	0.00844	0.01702	0.00000	0.00000	0.00987	0.00987	0.00000
22	0.00000	0.02373	0.00000	0.00380	0.00760	0.01141	0.01282	0.00000	0.00000	0.00369	0.01107	0.00369
23	0.01667	0.00417	0.00417	0.00784	0.00000	0.00784	0.01938	0.00000	0.00388	0.00323	0.00645	0.00323
24	0.00000	0.01701	0.00000	0.00392	0.00000	0.01569	0.00000	0.00000	0.00000	0.00329	0.01974	0.00000
