pos	A>C	A>G	A>T	C>A	C>G	C>T	G>A	G>C	G>T	T>A	T>C	T>G
 0	0.00085	0.00276	0.00066	0.00123	0.00080	0.16585	0.00995	0.00007	0.00080	0.00039	0.00209	0.00111
 1	0.00039	0.00241	0.00078	0.00088	0.00051	0.08077	0.01133	0.00036	0.00080	0.00052	0.00253	0.00071
 2	0.00040	0.00270	0.00033	0.00094	0.00022	0.06219	0.01012	0.00036	0.00080	0.00052	0.00274	0.00098
 3	0.00066	0.00295	0.00079	0.00088	0.00044	0.04414	0.00880	0.00072	0.00079	0.00071	0.00233	0.00071
 4	0.00065	0.00175	0.00058	0.00058	0.00036	0.04156	0.00873	0.00007	0.00044	0.00052	0.00203	0.00059
 5	0.00119	0.00231	0.00079	0.00051	0.00051	0.03297	0.00785	0.00064	0.00071	0.00039	0.00182	0.00065
 6	0.00073	0.00198	0.00020	0.00043	0.00022	0.02374	0.00622	0.00021	0.00064	0.00020	0.00169	0.00046
 7	0.00033	0.00085	0.00013	0.00044	0.00015	0.01569	0.00484	0.00022	0.00058	0.00019	0.00116	0.00039
 8	0.00007	0.00085	0.00026	0.00043	0.00014	0.00764	0.00317	0.00000	0.00043	0.00020	0.00033	0.00020
 9	0.00000	0.00039	0.00000	0.00007	0.00000	0.00314	0.00160	0.00015	0.00022	0.00013	0.00058	0.00013
10	0.00000	0.00013	0.00000	0.00007	0.00000	0.00094	0.00073	0.00000	0.00007	0.00000	0.00006	0.00006
11	0.00000	0.00000	0.00000	0.00000	0.00000	0.00000	0.00000	0.00000	0.00000	0.00000	0.00006	0.00000
12	0.00000	0.00000	0.00000	0.00000	0.00000	0.00007	0.00022	0.00000	0.00000	0.00000	0.00000	0.00000
13	0.00000	0.00000	0.00000	0.00000	0.00000	0.00007	0.00000	0.00000	0.00000	0.00000	0.00013	0.00000
14	0.00000	0.00013	0.00000	0.00000	0.00000	0.00007	0.00000	0.00000	0.00000	0.00000	0.00000	0.00000
15	0.00013	0.00039	0.00007	0.00007	0.00000	0.00251	0.00191	0.00022	0.00007	0.00019	0.00052	0.00013
16	0.00019	0.00091	0.00006	0.00037	0.00015	0.00550	0.00341	0.00007	0.00015	0.00000	0.00097	0.00032
17	0.00020	0.00118	0.00000	0.00050	0.00014	0.00692	0.00629	0.00029	0.00073	0.00052	0.00116	0.00058
18	0.00059	0.00131	0.00046	0.00087	0.00036	0.00924	0.00749	0.00065	0.00086	0.00033	0.00118	0.00091
19	0.00020	0.00208	0.00007	0.00022	0.00022	0.00259	0.00160	0.00022	0.00044	0.00020	0.00202	0.00046
20	0.00078	0.00182	0.00020	0.00015	0.00015	0.00182	0.00286	0.00014	0.00036	0.00007	0.00189	0.00033
21	0.00019	0.00244	0.00019	0.00051	0.00015	0.00234	0.00179	0.00000	0.00057	0.00007	0.00159	0.00026
22	0.00033	0.00150	0.00013	0.00036	0.00022	0.00238	0.00234	0.00007	0.00037	0.00013	0.00136	0.00026
23	0.00033	0.00144	0.00013	0.00014	0.00022	0.00230	0.00201	0.00007	0.00050	0.00013	0.00151	0.00020
24	0.00072	0.00202	0.00033	0.00022	0.00000	0.00217	0.00259	0.00022	0.00029	0.00013	0.00157	0.00013
pos	A>C	A>G	A>T	C>A	C>G	C>T	G>A	G>C	G>T	T>A	T>C	T>G
 0	0.00111	0.00222	0.00039	0.00051	0.00036	0.01283	0.14058	0.00051	0.00116	0.00066	0.00321	0.00072
 1	0.00105	0.00242	0.00020	0.00079	0.00058	0.01338	0.07111	0.00087	0.00051	0.00026	0.00230	0.00072
 2	0.00052	0.00235	0.00052	0.00050	0.00057	0.01286	0.05366	0.00022	0.00079	0.00020	0.00298	0.00053
 3	0.00059	0.00256	0.00072	0.00087	0.00029	0.01132	0.04248	0.00051	0.00073	0.00059	0.00130	0.00098
 4	0.00059	0.00171	0.00033	0.00058	0.00066	0.00948	0.03487	0.00050	0.00093	0.00039	0.00195	0.00084
 5	0.00059	0.00170	0.00046	0.00065	0.00029	0.00801	0.02946	0.00043	0.00036	0.00078	0.00242	0.00039
 6	0.00039	0.00190	0.00033	0.00072	0.00036	0.00799	0.02266	0.00036	0.00036	0.00026	0.00163	0.00059
 7	0.00032	0.00110	0.00019	0.00072	0.00022	0.00484	0.01303	0.00036	0.00022	0.00033	0.00131	0.00039
 8	0.00052	0.00065	0.00013	0.00029	0.00022	0.00369	0.00678	0.00000	0.00029	0.00032	0.00091	0.00013
 9	0.00013	0.00019	0.00006	0.00007	0.00015	0.00176	0.00320	0.00007	0.00000	0.00006	0.00026	0.00006
10	0.00006	0.00013	0.00006	0.00007	0.00000	0.00015	0.00153	0.00007	0.00000	0.00006	0.00013	0.00000
11	0.00000	0.00000	0.00000	0.00000	0.00000	0.00007	0.00000	0.00000	0.00000	0.00000	0.00000	0.00000
12	0.00000	0.00000	0.00000	0.00000	0.00000	0.00000	0.00007	0.00000	0.00000	0.00000	0.00000	0.00000
13	0.00000	0.00000	0.00000	0.00000	0.00000	0.00000	0.00000	0.00000	0.00000	0.00000	0.00000	0.00000
14	0.00000	0.00000	0.00000	0.00000	0.00000	0.00007	0.00015	0.00000	0.00000	0.00000	0.00006	0.00000
15	0.00013	0.00026	0.00013	0.00007	0.00029	0.00201	0.00212	0.00007	0.00007	0.00020	0.00033	0.00007
16	0.00020	0.00111	0.00020	0.00022	0.00000	0.00309	0.00425	0.00022	0.00029	0.00006	0.00071	0.00019
17	0.00065	0.00117	0.00007	0.00044	0.00022	0.00561	0.00721	0.00021	0.00021	0.00020	0.00105	0.00052
18	0.00033	0.00203	0.00026	0.00095	0.00015	0.00750	0.00919	0.00022	0.00036	0.00006	0.00168	0.00064
19	0.00065	0.00174	0.00032	0.00057	0.00043	0.00257	0.00197	0.00007	0.00058	0.00007	0.00152	0.00033
20	0.00033	0.00192	0.00007	0.00036	0.00007	0.00246	0.00245	0.00000	0.00036	0.00026	0.00168	0.00019
21	0.00032	0.00161	0.00013	0.00079	0.00029	0.00303	0.00255	0.00007	0.00058	0.00026	0.00210	0.00026
22	0.00039	0.00176	0.00020	0.00065	0.00014	0.00267	0.00225	0.00007	0.00058	0.00026	0.00156	0.00033
23	0.00026	0.00163	0.00007	0.00043	0.00029	0.00253	0.00204	0.00007	0.00051	0.00019	0.00175	0.00019
24	0.00046	0.00248	0.00026	0.00058	0.00029	0.00217	0.00206	0.00022	0.00103	0.00013	0.00191	0.00032
