pos	A>C	A>G	A>T	C>A	C>G	C>T	G>A	G>C	G>T	T>A	T>C	T>G
 0	0.00357	0.03571	0.01786	0.00000	0.00000	0.18565	0.02500	0.00417	0.00417	0.01399	0.01399	0.00699
 1	0.00348	0.01742	0.00348	0.00410	0.00000	0.09016	0.01794	0.00000	0.00000	0.01038	0.01038	0.00000
 2	0.01132	0.01509	0.00377	0.00791	0.00395	0.06719	0.01288	0.01288	0.01288	0.00340	0.02041	0.00000
 3	0.00346	0.00692	0.00000	0.00000	0.00439	0.05702	0.02024	0.00405	0.00000	0.00000	0.01404	0.00351
 4	0.00699	0.00350	0.00000	0.00000	0.00897	0.01794	0.01923	0.00000	0.00000	0.00000	0.00348	0.00348
 5	0.00000	0.00662	0.00662	0.01288	0.00000	0.03004	0.01235	0.00000	0.00412	0.00352	0.01056	0.00000
 6	0.00651	0.00977	0.00326	0.00412	0.00412	0.03704	0.01916	0.00000	0.00383	0.00395	0.00395	0.00000
 7	0.00342	0.00685	0.00000	0.00000	0.00413	0.02066	0.00870	0.00000	0.00000	0.00333	0.00333	0.00000
 8	0.00000	0.00338	0.00000	0.00400	0.00000	0.01200	0.00813	0.00000	0.00000	0.00000	0.00368	0.00368
 9	0.00000	0.00324	0.00000	0.00000	0.00000	0.00398	0.00418	0.00418	0.00000	0.00000	0.00375	0.00000
10	0.00000	0.00000	0.00000	0.00000	0.00000	0.00000	0.00000	0.00000	0.00000	0.00000	0.00000	0.00000
11	0.00000	0.00000	0.00000	0.00000	0.00000	0.00000	0.00000	0.00000	0.00000	0.00000	0.00000	0.00000
12	0.00000	0.00000	0.00392	0.00000	0.00000	0.00400	0.00379	0.00000	0.00000	0.00000	0.00000	0.00000
13	0.00000	0.00000	0.00000	0.00000	0.00000	0.00000	0.00000	0.00000	0.00000	0.00000	0.00000	0.00000
14	0.00000	0.00000	0.00000	0.00000	0.00000	0.00000	0.00000	0.00000	0.00000	0.00000	0.00000	0.00000
15	0.00000	0.00370	0.00000	0.00000	0.00000	0.00377	0.00388	0.00000	0.00000	0.00365	0.01460	0.00000
16	0.00000	0.00341	0.00000	0.00000	0.00000	0.00391	0.00784	0.00000	0.00392	0.00000	0.00380	0.00000
17	0.00000	0.01689	0.00000	0.00000	0.00000	0.01923	0.01288	0.00000	0.00000	0.00360	0.01079	0.00000
18	0.00352	0.00704	0.00000	0.00806	0.00000	0.00806	0.02465	0.00352	0.00704	0.00000	0.01594	0.00797
19	0.00323	0.01935	0.00323	0.00000	0.00412	0.00412	0.00833	0.00417	0.00000	0.00365	0.02190	0.00730
20	0.00660	0.00990	0.00330	0.00444	0.00000	0.00444	0.02372	0.00000	0.00000	0.01053	0.02105	0.00000
21	0.00704	0.01761	0.00000	0.00000	0.00000	0.01316	0.01128	0.00752	0.00000	0.00000	0.01038	0.00346
22	0.00357	0.01786	0.00000	0.00000	0.00402	0.02008	0.00408	0.00408	0.00000	0.00683	0.00683	0.00341
23	0.01338	0.01338	0.00669	0.00427	0.00000	0.03419	0.00424	0.00424	0.00000	0.00000	0.00671	0.00336
24	0.00000	0.01274	0.00637	0.00000	0.00840	0.02521	0.01230	0.00000	0.00000	0.00000	0.00000	0.00369
pos	A>C	A>G	A>T	C>A	C>G	C>T	G>A	G>C	G>T	T>A	T>C	T>G
 0	0.00733	0.02564	0.00366	0.02679	0.00446	0.04018	0.13617	0.00000	0.00000	0.00673	0.02357	0.00337
 1	0.00355	0.03191	0.01773	0.00457	0.01370	0.03196	0.08429	0.00000	0.00766	0.00373	0.04478	0.00373
 2	0.00000	0.01873	0.00749	0.01115	0.00000	0.01487	0.06667	0.00833	0.00417	0.00778	0.01556	0.00000
 3	0.00000	0.01493	0.00000	0.01132	0.00000	0.03396	0.05372	0.00826	0.00413	0.00000	0.00379	0.00758
 4	0.00369	0.01107	0.00369	0.00000	0.00395	0.00395	0.03863	0.00000	0.00000	0.00344	0.00000	0.00000
 5	0.01031	0.01031	0.00344	0.01167	0.00778	0.02335	0.02281	0.00380	0.00000	0.01215	0.00810	0.00405
 6	0.00000	0.01394	0.00697	0.00386	0.00000	0.01544	0.01770	0.00885	0.00885	0.00348	0.02439	0.00697
 7	0.00000	0.00709	0.00355	0.00400	0.00000	0.00400	0.02110	0.00000	0.00422	0.00341	0.01024	0.00000
 8	0.00000	0.01007	0.00000	0.00431	0.00000	0.01293	0.00407	0.00000	0.00000	0.00000	0.00350	0.00000
 9	0.00000	0.00345	0.00000	0.00000	0.00000	0.00000	0.00407	0.00000	0.00000	0.00000	0.00000	0.00000
10	0.00000	0.00000	0.00000	0.00000	0.00000	0.00000	0.00000	0.00000	0.00000	0.00000	0.00000	0.00000
11	0.00000	0.00000	0.00000	0.00000	0.00000	0.00000	0.00433	0.00000	0.00000	0.00000	0.00000	0.00000
12	0.00000	0.00000	0.00000	0.00000	0.00000	0.00000	0.00000	0.00000	0.00000	0.00000	0.00000	0.00000
13	0.00000	0.00000	0.00000	0.00000	0.00000	0.00000	0.00000	0.00000	0.00000	0.00000	0.00000	0.00000
14	0.00000	0.00000	0.00000	0.00000	0.00000	0.00000	0.00000	0.00000	0.00000	0.00000	0.00000	0.00000
15	0.00000	0.00346	0.00000	0.00000	0.00000	0.00398	0.00412	0.00000	0.00412	0.00000	0.00704	0.00000
16	0.00000	0.00351	0.00000	0.00000	0.00000	0.00417	0.00000	0.00000	0.00365	0.00373	0.00000	0.00373
17	0.00000	0.01294	0.00000	0.00397	0.00000	0.01190	0.02008	0.00000	0.00000	0.00778	0.00389	0.00389
18	0.00000	0.00722	0.00361	0.01200	0.00000	0.02000	0.01653	0.00413	0.00826	0.00337	0.00673	0.00673
19	0.00699	0.01049	0.00350	0.00389	0.00000	0.01556	0.02049	0.00410	0.00000	0.00714	0.00357	0.00357
20	0.00369	0.00738	0.00000	0.00429	0.00000	0.00858	0.00816	0.00408	0.00000	0.00314	0.01258	0.00000
21	0.00000	0.00658	0.00329	0.00000	0.00000	0.01695	0.01667	0.00000	0.00417	0.00697	0.00697	0.00348
22	0.00000	0.01351	0.00000	0.00000	0.00000	0.02419	0.01172	0.00391	0.00000	0.00375	0.01873	0.00375
23	0.01215	0.01619	0.00810	0.00377	0.00000	0.00755	0.01163	0.00000	0.00775	0.00673	0.01010	0.00673
24	0.00997	0.02990	0.00000	0.00000	0.00395	0.00791	0.01310	0.00000	0.00000	0.00352	0.01408	0.00000
