pos	A>C	A>G	A>T	C>A	C>G	C>T	G>A	G>C	G>T	T>A	T>C	T>G
 0	0.00022	0.00022	0.00017	0.00038	0.00019	0.16449	0.00745	0.00006	0.00006	0.00022	0.00011	0.00011
 1	0.00028	0.00034	0.00045	0.00000	0.00025	0.08007	0.00878	0.00025	0.00050	0.00039	0.00028	0.00006
 2	0.00017	0.00045	0.00040	0.00031	0.00013	0.06147	0.00715	0.00025	0.00050	0.00022	0.00045	0.00045
 3	0.00039	0.00073	0.00056	0.00044	0.00044	0.04364	0.00669	0.00031	0.00031	0.00050	0.00045	0.00033
 4	0.00045	0.00050	0.00033	0.00037	0.00025	0.04004	0.00735	0.00019	0.00025	0.00028	0.00023	0.00034
 5	0.00062	0.00023	0.00051	0.00019	0.00038	0.03296	0.00604	0.00049	0.00031	0.00028	0.00028	0.00034
 6	0.00023	0.00028	0.00023	0.00031	0.00012	0.02210	0.00527	0.00012	0.00050	0.00017	0.00028	0.00028
 7	0.00006	0.00022	0.00017	0.00019	0.00025	0.01418	0.00435	0.00019	0.00006	0.00017	0.00006	0.00022
 8	0.00006	0.00017	0.00011	0.00013	0.00013	0.00651	0.00242	0.00000	0.00012	0.00017	0.00011	0.00017
 9	0.00000	0.00006	0.00000	0.00000	0.00000	0.00314	0.00138	0.00013	0.00006	0.00006	0.00000	0.00006
10	0.00000	0.00000	0.00000	0.00006	0.00000	0.00100	0.00044	0.00000	0.00000	0.00006	0.00000	0.00000
11	0.00000	0.00000	0.00000	0.00000	0.00000	0.00006	0.00006	0.00000	0.00000	0.00000	0.00000	0.00000
12	0.00006	0.00000	0.00000	0.00000	0.00000	0.00019	0.00012	0.00000	0.00000	0.00000	0.00000	0.00000
13	0.00000	0.00000	0.00000	0.00000	0.00000	0.00006	0.00000	0.00000	0.00000	0.00000	0.00000	0.00000
14	0.00000	0.00000	0.00000	0.00000	0.00000	0.00006	0.00006	0.00000	0.00000	0.00000	0.00000	0.00000
15	0.00011	0.00000	0.00006	0.00006	0.00000	0.00211	0.00126	0.00006	0.00006	0.00017	0.00000	0.00006
16	0.00006	0.00022	0.00006	0.00006	0.00013	0.00507	0.00300	0.00006	0.00006	0.00011	0.00017	0.00011
17	0.00006	0.00011	0.00000	0.00031	0.00006	0.00629	0.00574	0.00013	0.00025	0.00022	0.00011	0.00022
18	0.00022	0.00011	0.00039	0.00013	0.00031	0.00896	0.00597	0.00012	0.00037	0.00011	0.00000	0.00034
19	0.00000	0.00000	0.00000	0.00000	0.00000	0.00056	0.00025	0.00000	0.00000	0.00000	0.00000	0.00000
20	0.00000	0.00000	0.00000	0.00000	0.00000	0.00031	0.00031	0.00000	0.00006	0.00000	0.00000	0.00000
21	0.00000	0.00000	0.00000	0.00000	0.00000	0.00050	0.00025	0.00000	0.00000	0.00000	0.00000	0.00000
22	0.00000	0.00000	0.00000	0.00000	0.00006	0.00037	0.00057	0.00000	0.00000	0.00000	0.00000	0.00000
23	0.00000	0.00000	0.00000	0.00000	0.00000	0.00025	0.00037	0.00000	0.00000	0.00000	0.00000	0.00000
24	0.00000	0.00000	0.00000	0.00000	0.00000	0.00037	0.00031	0.00000	0.00000	0.00000	0.00000	0.00000
pos	A>C	A>G	A>T	C>A	C>G	C>T	G>A	G>C	G>T	T>A	T>C	T>G
 0	0.00011	0.00000	0.00000	0.00012	0.00012	0.01064	0.14004	0.00006	0.00012	0.00011	0.00017	0.00006
 1	0.00073	0.00034	0.00017	0.00018	0.00037	0.01005	0.07043	0.00076	0.00025	0.00011	0.00023	0.00028
 2	0.00017	0.00039	0.00045	0.00012	0.00037	0.01043	0.05252	0.00019	0.00037	0.00011	0.00028	0.00023
 3	0.00034	0.00056	0.00034	0.00044	0.00019	0.00959	0.04361	0.00037	0.00025	0.00062	0.00011	0.00028
 4	0.00039	0.00039	0.00028	0.00044	0.00044	0.00788	0.03440	0.00037	0.00031	0.00045	0.00022	0.00061
 5	0.00022	0.00017	0.00028	0.00037	0.00012	0.00755	0.02879	0.00031	0.00013	0.00045	0.00011	0.00000
 6	0.00028	0.00039	0.00017	0.00019	0.00025	0.00731	0.02166	0.00025	0.00006	0.00028	0.00022	0.00022
 7	0.00006	0.00006	0.00011	0.00031	0.00012	0.00404	0.01280	0.00012	0.00019	0.00028	0.00011	0.00023
 8	0.00011	0.00017	0.00000	0.00000	0.00019	0.00300	0.00739	0.00006	0.00019	0.00017	0.00022	0.00000
 9	0.00011	0.00000	0.00006	0.00013	0.00006	0.00132	0.00351	0.00006	0.00000	0.00000	0.00000	0.00000
10	0.00006	0.00000	0.00006	0.00000	0.00000	0.00025	0.00163	0.00006	0.00000	0.00006	0.00006	0.00006
11	0.00000	0.00000	0.00000	0.00000	0.00000	0.00006	0.00006	0.00000	0.00000	0.00000	0.00000	0.00000
12	0.00000	0.00000	0.00000	0.00000	0.00000	0.00000	0.00000	0.00000	0.00006	0.00000	0.00000	0.00000
13	0.00000	0.00000	0.00000	0.00000	0.00000	0.00000	0.00000	0.00000	0.00000	0.00000	0.00000	0.00000
14	0.00000	0.00000	0.00000	0.00000	0.00000	0.00000	0.00000	0.00000	0.00000	0.00000	0.00000	0.00000
15	0.00000	0.00006	0.00006	0.00012	0.00006	0.00161	0.00184	0.00000	0.00006	0.00011	0.00000	0.00006
16	0.00000	0.00006	0.00011	0.00006	0.00000	0.00266	0.00415	0.00013	0.00013	0.00000	0.00017	0.00000
17	0.00011	0.00022	0.00006	0.00006	0.00013	0.00459	0.00629	0.00019	0.00000	0.00011	0.00017	0.00011
18	0.00011	0.00011	0.00006	0.00031	0.00006	0.00630	0.00795	0.00031	0.00025	0.00011	0.00011	0.00039
19	0.00000	0.00000	0.00000	0.00000	0.00000	0.00043	0.00019	0.00000	0.00000	0.00000	0.00000	0.00000
20	0.00000	0.00000	0.00000	0.00000	0.00000	0.00031	0.00031	0.00000	0.00000	0.00000	0.00000	0.00000
21	0.00000	0.00000	0.00000	0.00000	0.00000	0.00037	0.00038	0.00000	0.00000	0.00000	0.00000	0.00000
22	0.00000	0.00000	0.00000	0.00000	0.00000	0.00037	0.00044	0.00000	0.00000	0.00006	0.00000	0.00000
23	0.00000	0.00000	0.00000	0.00000	0.00000	0.00025	0.00044	0.00000	0.00000	0.00006	0.00000	0.00000
24	0.00000	0.00006	0.00000	0.00000	0.00000	0.00050	0.00051	0.00000	0.00000	0.00000	0.00011	0.00000
