pos	A>C	A>G	A>T	C>A	C>G	C>T	G>A	G>C	G>T	T>A	T>C	T>G
 0	0.00000	0.02586	0.01293	0.00455	0.01364	0.15909	0.02222	0.00889	0.00889	0.01205	0.01205	0.00402
 1	0.00758	0.02273	0.00379	0.00490	0.00490	0.03922	0.02381	0.00000	0.00000	0.01613	0.00806	0.00806
 2	0.00417	0.01667	0.00417	0.00463	0.00000	0.07407	0.00472	0.01415	0.01887	0.00382	0.00763	0.00000
 3	0.00000	0.00769	0.00000	0.00000	0.01351	0.03153	0.02304	0.00461	0.00922	0.00000	0.01695	0.00847
 4	0.00000	0.00830	0.00000	0.00000	0.00474	0.03791	0.01724	0.00000	0.00000	0.00391	0.01172	0.00000
 5	0.00000	0.00392	0.00784	0.00472	0.00000	0.03302	0.00459	0.00000	0.00917	0.00758	0.00379	0.00000
 6	0.00778	0.01556	0.00389	0.00448	0.00000	0.03587	0.02917	0.00000	0.00417	0.00000	0.00000	0.00000
 7	0.00000	0.00388	0.00000	0.00463	0.00000	0.02778	0.00503	0.00000	0.00000	0.00360	0.01799	0.00360
 8	0.00000	0.00000	0.00000	0.00000	0.00000	0.00905	0.00465	0.00000	0.00000	0.00000	0.00410	0.00410
 9	0.00000	0.00356	0.00000	0.00000	0.00000	0.00000	0.00943	0.00000	0.00000	0.00000	0.00417	0.00000
10	0.00000	0.00000	0.00000	0.00000	0.00000	0.00459	0.00000	0.00000	0.00000	0.00000	0.00000	0.00000
11	0.00000	0.00000	0.00000	0.00000	0.00000	0.00000	0.00000	0.00000	0.00000	0.00000	0.00000	0.00000
12	0.00000	0.00000	0.00000	0.00000	0.00000	0.00463	0.00000	0.00000	0.00000	0.00000	0.00000	0.00000
13	0.00000	0.00000	0.00000	0.00000	0.00000	0.00000	0.00000	0.00000	0.00000	0.00000	0.00000	0.00000
14	0.00000	0.00000	0.00000	0.00000	0.00000	0.00000	0.00000	0.00000	0.00000	0.00000	0.00000	0.00000
15	0.00000	0.00772	0.00386	0.00000	0.00000	0.00000	0.00000	0.00000	0.00485	0.00000	0.00376	0.00000
16	0.00000	0.00395	0.00000	0.00000	0.00000	0.00893	0.01288	0.00000	0.00000	0.00000	0.00823	0.00000
17	0.00000	0.01149	0.00000	0.00000	0.00000	0.00813	0.01515	0.00000	0.00000	0.00403	0.01210	0.00000
18	0.00787	0.01181	0.00394	0.00472	0.00000	0.00472	0.00820	0.00000	0.00000	0.00000	0.01235	0.00412
19	0.00000	0.01487	0.00000	0.00000	0.00467	0.01402	0.00901	0.00450	0.00000	0.00000	0.02429	0.01215
20	0.00772	0.00772	0.00000	0.00000	0.01402	0.00467	0.01778	0.00000	0.00000	0.00784	0.01569	0.00000
21	0.01481	0.01111	0.00370	0.00465	0.00000	0.00930	0.01376	0.00000	0.00000	0.00000	0.02008	0.00402
22	0.00360	0.00719	0.00000	0.00000	0.00000	0.01382	0.01389	0.00000	0.00000	0.00826	0.01653	0.00000
23	0.00000	0.00376	0.00000	0.00000	0.00467	0.03738	0.01408	0.01878	0.00000	0.00000	0.01154	0.00385
24	0.00000	0.01521	0.01141	0.00465	0.00465	0.01860	0.00866	0.00000	0.00433	0.00823	0.00823	0.00000
pos	A>C	A>G	A>T	C>A	C>G	C>T	G>A	G>C	G>T	T>A	T>C	T>G
 0	0.00420	0.00840	0.01261	0.02500	0.01500	0.06000	0.12037	0.00000	0.00463	0.00364	0.01818	0.00000
 1	0.00000	0.00813	0.01626	0.00510	0.01020	0.02041	0.08678	0.00413	0.01240	0.00408	0.02041	0.01224
 2	0.00412	0.01235	0.01235	0.00418	0.00000	0.05858	0.04569	0.00000	0.00000	0.01186	0.01976	0.00395
 3	0.00000	0.01550	0.00388	0.01456	0.00485	0.01942	0.05164	0.00469	0.00469	0.00000	0.00385	0.00769
 4	0.00806	0.00403	0.00000	0.00000	0.00000	0.01402	0.02488	0.00000	0.00498	0.00357	0.00714	0.00357
 5	0.00000	0.02273	0.00000	0.02128	0.00000	0.02128	0.05714	0.00476	0.00000	0.00837	0.01674	0.00000
 6	0.00385	0.01923	0.00385	0.00461	0.00461	0.01382	0.01357	0.00000	0.00000	0.00398	0.01992	0.00000
 7	0.00000	0.01444	0.00361	0.00478	0.00000	0.00478	0.01869	0.00467	0.00000	0.00398	0.00398	0.00000
 8	0.00000	0.00361	0.00000	0.00000	0.00000	0.00976	0.00457	0.00000	0.00000	0.00000	0.00000	0.00000
 9	0.00000	0.00402	0.00402	0.00463	0.00000	0.00000	0.00448	0.00000	0.00000	0.00000	0.00000	0.00000
10	0.00000	0.00000	0.00000	0.00000	0.00000	0.00000	0.00000	0.00000	0.00000	0.00000	0.00000	0.00000
11	0.00000	0.00000	0.00000	0.00000	0.00000	0.00000	0.00000	0.00000	0.00000	0.00000	0.00000	0.00000
12	0.00000	0.00000	0.00000	0.00000	0.00000	0.00000	0.00000	0.00000	0.00000	0.00000	0.00000	0.00000
13	0.00000	0.00000	0.00000	0.00000	0.00000	0.00000	0.00000	0.00000	0.00000	0.00000	0.00000	0.00000
14	0.00000	0.00000	0.00000	0.00000	0.00000	0.00000	0.00000	0.00000	0.00000	0.00000	0.00000	0.00000
15	0.00000	0.00787	0.00000	0.00000	0.00000	0.00000	0.00962	0.00000	0.00000	0.00000	0.00000	0.00000
16	0.00000	0.00442	0.00000	0.00000	0.00424	0.02542	0.00407	0.00000	0.00000	0.00408	0.00000	0.00000
17	0.00000	0.01095	0.00000	0.00000	0.00000	0.00943	0.00840	0.00000	0.00000	0.01310	0.00000	0.00000
18	0.00408	0.01633	0.00408	0.00000	0.00446	0.01786	0.01843	0.00000	0.00922	0.00376	0.00752	0.00000
19	0.00000	0.01527	0.00000	0.00469	0.00469	0.01408	0.02273	0.00455	0.00455	0.00389	0.00389	0.00389
20	0.00000	0.01556	0.00389	0.00000	0.00000	0.01980	0.00930	0.00465	0.00465	0.00717	0.01434	0.01075
21	0.00000	0.00402	0.00402	0.01245	0.00000	0.01245	0.00995	0.00000	0.00498	0.00382	0.01527	0.00382
22	0.00000	0.00784	0.00000	0.00000	0.00000	0.01810	0.01810	0.00452	0.00000	0.00391	0.01953	0.00391
23	0.00855	0.02137	0.00855	0.00930	0.00000	0.02326	0.01304	0.00000	0.00435	0.00365	0.00365	0.00365
24	0.00369	0.01845	0.00369	0.00851	0.00426	0.00426	0.01596	0.00532	0.00000	0.00000	0.00386	0.00386
