pos	A>C	A>G	A>T	C>A	C>G	C>T	G>A	G>C	G>T	T>A	T>C	T>G
 0	0.00000	0.02597	0.01299	0.00459	0.01376	0.16055	0.02252	0.00901	0.00901	0.01220	0.01220	0.00407
 1	0.00769	0.02308	0.00385	0.00493	0.00493	0.03941	0.02404	0.00000	0.00000	0.01626	0.00813	0.00813
 2	0.00417	0.01667	0.00417	0.00481	0.00000	0.07212	0.00474	0.01422	0.01896	0.00382	0.00763	0.00000
 3	0.00000	0.00775	0.00000	0.00000	0.01357	0.03167	0.02358	0.00472	0.00943	0.00000	0.01702	0.00851
 4	0.00000	0.00840	0.00000	0.00000	0.00483	0.02899	0.01732	0.00000	0.00000	0.00392	0.01176	0.00000
 5	0.00000	0.00394	0.00787	0.00483	0.00000	0.03382	0.00465	0.00000	0.00930	0.00758	0.00379	0.00000
 6	0.00784	0.01569	0.00392	0.00452	0.00000	0.03620	0.02966	0.00000	0.00424	0.00000	0.00000	0.00000
 7	0.00000	0.00388	0.00000	0.00463	0.00000	0.02778	0.00508	0.00000	0.00000	0.00369	0.01476	0.00369
 8	0.00000	0.00000	0.00000	0.00000	0.00000	0.00909	0.00472	0.00000	0.00000	0.00000	0.00412	0.00412
 9	0.00000	0.00356	0.00000	0.00000	0.00000	0.00000	0.00952	0.00000	0.00000	0.00000	0.00422	0.00000
10	0.00000	0.00000	0.00000	0.00000	0.00000	0.00465	0.00000	0.00000	0.00000	0.00000	0.00000	0.00000
11	0.00000	0.00000	0.00000	0.00000	0.00000	0.00000	0.00000	0.00000	0.00000	0.00000	0.00000	0.00000
12	0.00000	0.00000	0.00000	0.00000	0.00000	0.00469	0.00000	0.00000	0.00000	0.00000	0.00000	0.00000
13	0.00000	0.00000	0.00000	0.00000	0.00000	0.00000	0.00000	0.00000	0.00000	0.00000	0.00000	0.00000
14	0.00000	0.00000	0.00000	0.00000	0.00000	0.00000	0.00000	0.00000	0.00000	0.00000	0.00000	0.00000
15	0.00000	0.00778	0.00000	0.00000	0.00000	0.00000	0.00000	0.00000	0.00488	0.00000	0.00379	0.00000
16	0.00000	0.00398	0.00000	0.00000	0.00000	0.00893	0.01316	0.00000	0.00000	0.00000	0.00830	0.00000
17	0.00000	0.01158	0.00000	0.00000	0.00000	0.00823	0.01515	0.00000	0.00000	0.00410	0.01230	0.00000
18	0.00791	0.00791	0.00395	0.00478	0.00000	0.00478	0.00826	0.00000	0.00000	0.00000	0.01250	0.00417
19	0.00000	0.01498	0.00000	0.00000	0.00478	0.01435	0.00905	0.00452	0.00000	0.00000	0.02439	0.01220
20	0.00775	0.00775	0.00000	0.00000	0.01422	0.00474	0.01802	0.00000	0.00000	0.00791	0.01581	0.00000
21	0.01493	0.01119	0.00373	0.00469	0.00000	0.00939	0.01389	0.00000	0.00000	0.00000	0.02033	0.00407
22	0.00360	0.00719	0.00000	0.00000	0.00000	0.01402	0.00939	0.00000	0.00000	0.00837	0.01674	0.00000
23	0.00000	0.00380	0.00000	0.00000	0.00474	0.03791	0.01415	0.01887	0.00000	0.00000	0.01163	0.00388
24	0.00000	0.01544	0.01158	0.00472	0.00472	0.01887	0.00873	0.00000	0.00437	0.00823	0.00823	0.00000
pos	A>C	A>G	A>T	C>A	C>G	C>T	G>A	G>C	G>T	T>A	T>C	T>G
 0	0.00424	0.00424	0.01271	0.02525	0.01515	0.05556	0.11737	0.00000	0.00469	0.00366	0.01832	0.00000
 1	0.00000	0.00816	0.01633	0.00513	0.01026	0.02051	0.08787	0.00418	0.01255	0.00415	0.02075	0.01245
 2	0.00415	0.01245	0.01245	0.00426	0.00000	0.05957	0.04592	0.00000	0.00000	0.01195	0.01992	0.00398
 3	0.00000	0.01569	0.00392	0.01471	0.00490	0.01961	0.05189	0.00472	0.00472	0.00000	0.00389	0.00778
 4	0.00806	0.00403	0.00000	0.00000	0.00000	0.01422	0.02513	0.00000	0.00503	0.00362	0.00725	0.00362
 5	0.00000	0.02290	0.00000	0.02146	0.00000	0.02146	0.05825	0.00485	0.00000	0.00840	0.01681	0.00000
 6	0.00388	0.01938	0.00388	0.00465	0.00465	0.01395	0.01370	0.00000	0.00000	0.00403	0.02016	0.00000
 7	0.00000	0.01449	0.00362	0.00483	0.00000	0.00483	0.01878	0.00469	0.00000	0.00407	0.00407	0.00000
 8	0.00000	0.00366	0.00000	0.00000	0.00000	0.00976	0.00463	0.00000	0.00000	0.00000	0.00000	0.00000
 9	0.00000	0.00403	0.00403	0.00467	0.00000	0.00000	0.00459	0.00000	0.00000	0.00000	0.00000	0.00000
10	0.00000	0.00000	0.00000	0.00000	0.00000	0.00000	0.00000	0.00000	0.00000	0.00000	0.00000	0.00000
11	0.00000	0.00000	0.00000	0.00000	0.00000	0.00000	0.00000	0.00000	0.00000	0.00000	0.00000	0.00000
12	0.00000	0.00000	0.00000	0.00000	0.00000	0.00000	0.00000	0.00000	0.00000	0.00000	0.00000	0.00000
13	0.00000	0.00000	0.00000	0.00000	0.00000	0.00000	0.00000	0.00000	0.00000	0.00000	0.00000	0.00000
14	0.00000	0.00000	0.00000	0.00000	0.00000	0.00000	0.00000	0.00000	0.00000	0.00000	0.00000	0.00000
15	0.00000	0.00791	0.00000	0.00000	0.00000	0.00000	0.00976	0.00000	0.00000	0.00000	0.00000	0.00000
16	0.00000	0.00442	0.00000	0.00000	0.00427	0.02564	0.00413	0.00000	0.00000	0.00413	0.00000	0.00000
17	0.00000	0.01107	0.00000	0.00000	0.00000	0.00952	0.00847	0.00000	0.00000	0.01322	0.00000	0.00000
18	0.00410	0.01639	0.00410	0.00000	0.00448	0.01794	0.01878	0.00000	0.00939	0.00380	0.00760	0.00000
19	0.00000	0.01538	0.00000	0.00474	0.00474	0.01422	0.02283	0.00457	0.00457	0.00395	0.00395	0.00395
20	0.00000	0.01581	0.00395	0.00000	0.00000	0.01990	0.00939	0.00469	0.00469	0.00722	0.01444	0.01083
21	0.00000	0.00408	0.00408	0.01255	0.00000	0.01255	0.01000	0.00000	0.00500	0.00385	0.01538	0.00385
22	0.00000	0.00791	0.00000	0.00000	0.00000	0.01826	0.01835	0.00459	0.00000	0.00394	0.01969	0.00394
23	0.00858	0.02146	0.00858	0.00935	0.00000	0.02336	0.01322	0.00000	0.00441	0.00370	0.00370	0.00370
24	0.00372	0.01859	0.00372	0.00866	0.00433	0.00433	0.01613	0.00538	0.00000	0.00000	0.00388	0.00388
