pos	A>C	A>G	A>T	C>A	C>G	C>T	G>A	G>C	G>T	T>A	T>C	T>G
 0	0.00336	0.02013	0.01007	0.00429	0.00858	0.15880	0.04082	0.00408	0.00408	0.02048	0.01706	0.00341
 1	0.00685	0.02397	0.00000	0.00408	0.00000	0.08980	0.04348	0.00000	0.00000	0.00358	0.01434	0.00358
 2	0.00741	0.01111	0.00741	0.00385	0.00385	0.05385	0.02419	0.01613	0.02016	0.00341	0.01365	0.00341
 3	0.00330	0.00990	0.00000	0.00427	0.00427	0.03846	0.02400	0.00000	0.00000	0.00000	0.01399	0.00699
 4	0.00336	0.01342	0.00336	0.00000	0.00855	0.02564	0.01969	0.00000	0.00000	0.00000	0.00341	0.00000
 5	0.00690	0.01034	0.00000	0.00410	0.00000	0.03689	0.01961	0.00000	0.01176	0.00000	0.01010	0.00337
 6	0.00000	0.01678	0.00336	0.00385	0.00000	0.03462	0.00763	0.00000	0.00000	0.00000	0.00000	0.00000
 7	0.00000	0.00993	0.00000	0.00000	0.01224	0.02041	0.01277	0.00426	0.00000	0.00977	0.01629	0.00000
 8	0.00000	0.00000	0.00000	0.00000	0.00000	0.01717	0.01439	0.00000	0.00000	0.00360	0.00360	0.00000
 9	0.00000	0.00000	0.00000	0.00000	0.00000	0.00417	0.00810	0.00000	0.00405	0.00000	0.00000	0.00000
10	0.00000	0.00000	0.00000	0.00000	0.00000	0.00418	0.00000	0.00403	0.00000	0.00000	0.00000	0.00000
11	0.00000	0.00000	0.00000	0.00000	0.00000	0.00000	0.00000	0.00000	0.00000	0.00000	0.00000	0.00000
12	0.00000	0.00000	0.00000	0.00000	0.00000	0.00407	0.00397	0.00000	0.00000	0.00000	0.00000	0.00000
13	0.00000	0.00000	0.00000	0.00000	0.00000	0.00000	0.00000	0.00000	0.00000	0.00000	0.00000	0.00000
14	0.00000	0.00000	0.00000	0.00000	0.00000	0.00000	0.00000	0.00000	0.00000	0.00000	0.00000	0.00000
15	0.00357	0.00357	0.00000	0.00000	0.00000	0.00389	0.01141	0.00000	0.00380	0.00000	0.01024	0.00000
16	0.00000	0.00000	0.00000	0.00000	0.00746	0.01119	0.01186	0.00000	0.00000	0.00000	0.01444	0.00000
17	0.00000	0.01656	0.00000	0.00000	0.00000	0.00766	0.01240	0.00413	0.00000	0.00000	0.01042	0.00000
18	0.00669	0.01003	0.00334	0.00395	0.00000	0.02372	0.01533	0.00000	0.00000	0.00714	0.01071	0.00357
19	0.00000	0.02540	0.00317	0.00386	0.00000	0.02317	0.01521	0.00380	0.00000	0.00781	0.00781	0.00391
20	0.01010	0.01347	0.00337	0.00833	0.00833	0.01667	0.02652	0.00000	0.00379	0.00344	0.02062	0.00000
21	0.00358	0.00717	0.00717	0.00000	0.00000	0.00787	0.01145	0.00382	0.00000	0.00000	0.01007	0.00336
22	0.00334	0.00669	0.00000	0.00000	0.00395	0.01186	0.02326	0.00000	0.00388	0.00353	0.02120	0.00353
23	0.00000	0.00635	0.00317	0.00410	0.00820	0.02459	0.01754	0.00439	0.00000	0.00327	0.01307	0.00000
24	0.00000	0.02280	0.00326	0.00000	0.00410	0.02459	0.01575	0.00394	0.01181	0.00694	0.00347	0.00347
pos	A>C	A>G	A>T	C>A	C>G	C>T	G>A	G>C	G>T	T>A	T>C	T>G
 0	0.00722	0.00361	0.01083	0.01688	0.00844	0.03797	0.13900	0.00386	0.00772	0.01060	0.03180	0.00353
 1	0.00000	0.01439	0.00360	0.00427	0.00427	0.02137	0.07663	0.00000	0.01149	0.00707	0.02827	0.01413
 2	0.00364	0.01091	0.00727	0.00000	0.00725	0.03986	0.04418	0.00402	0.00402	0.00000	0.03053	0.00000
 3	0.00360	0.01799	0.00000	0.00424	0.00424	0.01695	0.04365	0.01190	0.00794	0.00000	0.00662	0.00331
 4	0.00366	0.01465	0.00733	0.00787	0.00000	0.01575	0.02066	0.00000	0.00000	0.00000	0.00328	0.00328
 5	0.01038	0.01038	0.00000	0.01158	0.00000	0.00772	0.02612	0.00000	0.00000	0.00758	0.00758	0.00379
 6	0.00000	0.01034	0.00000	0.00772	0.00000	0.01544	0.01613	0.00403	0.00000	0.00350	0.00699	0.00000
 7	0.00000	0.00346	0.00000	0.00000	0.00000	0.02239	0.02811	0.00000	0.00000	0.00712	0.01068	0.00000
 8	0.00326	0.01303	0.00000	0.00000	0.00000	0.00844	0.00397	0.00000	0.00397	0.00000	0.00000	0.00000
 9	0.00000	0.00000	0.00000	0.00000	0.00000	0.00000	0.00389	0.00000	0.00000	0.00000	0.00000	0.00000
10	0.00000	0.00000	0.00000	0.00000	0.00000	0.00426	0.00000	0.00000	0.00000	0.00000	0.00000	0.00000
11	0.00000	0.00000	0.00000	0.00000	0.00000	0.00000	0.00000	0.00000	0.00000	0.00000	0.00000	0.00000
12	0.00000	0.00000	0.00000	0.00000	0.00000	0.00000	0.00000	0.00000	0.00000	0.00000	0.00000	0.00000
13	0.00000	0.00000	0.00000	0.00000	0.00000	0.00000	0.00000	0.00000	0.00000	0.00000	0.00000	0.00000
14	0.00000	0.00000	0.00000	0.00000	0.00000	0.00000	0.00000	0.00000	0.00000	0.00000	0.00000	0.00000
15	0.00000	0.00327	0.00000	0.00000	0.00000	0.00000	0.00862	0.00000	0.00000	0.00000	0.00673	0.00000
16	0.00000	0.00697	0.00000	0.00000	0.00000	0.01181	0.00752	0.00000	0.00376	0.00000	0.00000	0.00699
17	0.00333	0.01333	0.00333	0.00407	0.00000	0.01220	0.02963	0.00000	0.00370	0.00722	0.00361	0.00000
18	0.00671	0.02013	0.00000	0.00407	0.00000	0.00000	0.00000	0.00000	0.00408	0.00329	0.00329	0.00000
19	0.00341	0.01365	0.00000	0.00398	0.00000	0.01594	0.01210	0.00806	0.00403	0.01000	0.01000	0.00333
20	0.00000	0.02308	0.00000	0.00398	0.00398	0.02390	0.01215	0.00405	0.00405	0.00300	0.01201	0.00300
21	0.00340	0.01020	0.01020	0.00422	0.00422	0.01266	0.02264	0.00000	0.00377	0.00337	0.00000	0.00337
22	0.00333	0.01333	0.00000	0.00000	0.00391	0.00781	0.01633	0.00000	0.00000	0.00687	0.02062	0.01375
23	0.01556	0.01167	0.00778	0.00000	0.00398	0.01594	0.01087	0.00000	0.00362	0.00649	0.01299	0.00325
24	0.00977	0.01629	0.00326	0.00778	0.00000	0.01167	0.02823	0.00000	0.00000	0.00000	0.01068	0.00000
