pos	A>C	A>G	A>T	C>A	C>G	C>T	G>A	G>C	G>T	T>A	T>C	T>G
 0	0.00000	0.03521	0.01761	0.00503	0.00000	0.19598	0.03382	0.00966	0.01449	0.00826	0.01240	0.00413
 1	0.01079	0.00719	0.00719	0.00469	0.00000	0.07512	0.03333	0.00000	0.00000	0.00000	0.03030	0.00000
 2	0.01255	0.01255	0.00837	0.00465	0.00930	0.04186	0.00493	0.01478	0.00985	0.00360	0.01439	0.00000
 3	0.00369	0.00738	0.00738	0.00510	0.00510	0.04592	0.03349	0.01435	0.00478	0.00763	0.01527	0.00000
 4	0.00000	0.01158	0.00000	0.00000	0.00493	0.02463	0.02941	0.00490	0.00000	0.00722	0.00361	0.00361
 5	0.00388	0.00388	0.00388	0.00000	0.00469	0.02347	0.00478	0.00000	0.01435	0.00000	0.01107	0.00000
 6	0.00794	0.00397	0.00397	0.00431	0.00000	0.03879	0.01770	0.00000	0.00442	0.00823	0.00412	0.00000
 7	0.00775	0.00388	0.00388	0.00000	0.00000	0.02564	0.00971	0.00485	0.00000	0.00000	0.00392	0.00000
 8	0.00000	0.00000	0.00000	0.00427	0.00427	0.01709	0.00873	0.00000	0.00000	0.00000	0.01271	0.00000
 9	0.00405	0.00000	0.00000	0.00000	0.00000	0.00000	0.00810	0.00000	0.00000	0.00420	0.00000	0.00420
10	0.00000	0.00000	0.00000	0.00000	0.00000	0.00000	0.00000	0.00000	0.00000	0.00000	0.00000	0.00000
11	0.00000	0.00000	0.00000	0.00000	0.00000	0.00000	0.00000	0.00000	0.00000	0.00000	0.00000	0.00000
12	0.00000	0.00000	0.00389	0.00000	0.00000	0.00000	0.00444	0.00000	0.00000	0.00000	0.00000	0.00000
13	0.00000	0.00000	0.00000	0.00000	0.00000	0.00000	0.00000	0.00000	0.00000	0.00000	0.00000	0.00000
14	0.00000	0.00000	0.00000	0.00000	0.00000	0.00000	0.00000	0.00000	0.00000	0.00000	0.00000	0.00000
15	0.00000	0.00395	0.00000	0.00000	0.00000	0.00000	0.00442	0.00000	0.00000	0.00408	0.01224	0.00000
16	0.00000	0.00000	0.00000	0.00439	0.00000	0.01316	0.00469	0.00000	0.00000	0.00413	0.00000	0.00000
17	0.00000	0.01434	0.00000	0.00000	0.00000	0.00885	0.00481	0.00000	0.00000	0.00830	0.02075	0.00000
18	0.00000	0.01079	0.00719	0.00000	0.00000	0.00474	0.01245	0.00415	0.00000	0.00446	0.00893	0.00000
19	0.00000	0.01498	0.00749	0.00467	0.00467	0.01402	0.01316	0.00000	0.00000	0.00410	0.02459	0.00000
20	0.00398	0.01992	0.00797	0.00000	0.01000	0.01500	0.02609	0.00000	0.00000	0.00733	0.00733	0.00366
21	0.00000	0.00778	0.00778	0.00469	0.00469	0.00469	0.01786	0.00446	0.00893	0.00769	0.00769	0.00385
22	0.00000	0.01992	0.00000	0.00000	0.00426	0.02553	0.01770	0.00000	0.00442	0.00826	0.00413	0.00000
23	0.00383	0.01149	0.00383	0.00448	0.00448	0.02691	0.00917	0.00000	0.00000	0.00000	0.02390	0.00000
24	0.00000	0.00766	0.00766	0.00472	0.00000	0.02358	0.03070	0.00000	0.00439	0.00000	0.00397	0.00000
pos	A>C	A>G	A>T	C>A	C>G	C>T	G>A	G>C	G>T	T>A	T>C	T>G
 0	0.01626	0.00813	0.00407	0.01064	0.00532	0.04255	0.14747	0.00000	0.00000	0.00361	0.02527	0.00361
 1	0.00422	0.02110	0.01266	0.00481	0.00962	0.02404	0.08772	0.00877	0.00877	0.00392	0.01961	0.00392
 2	0.00791	0.02767	0.01581	0.00467	0.00467	0.06075	0.05405	0.00901	0.00000	0.00000	0.02469	0.00412
 3	0.00000	0.02024	0.00810	0.00926	0.00463	0.03241	0.05479	0.00000	0.00457	0.00000	0.01181	0.00394
 4	0.00000	0.02033	0.00813	0.00000	0.00000	0.00459	0.04265	0.00000	0.01422	0.00758	0.00000	0.00000
 5	0.00794	0.01587	0.00397	0.00833	0.00000	0.02917	0.05023	0.00457	0.00000	0.00427	0.01709	0.00427
 6	0.00791	0.01976	0.00000	0.00816	0.00000	0.01633	0.00000	0.00505	0.00000	0.00392	0.01961	0.00000
 7	0.00000	0.00000	0.00000	0.00459	0.00000	0.00917	0.03070	0.00439	0.00000	0.00000	0.00758	0.00000
 8	0.00000	0.00778	0.00000	0.00000	0.00000	0.00457	0.00917	0.00459	0.00459	0.00000	0.00000	0.00000
 9	0.00000	0.00000	0.00000	0.00000	0.00441	0.00000	0.00446	0.00000	0.00000	0.00000	0.00000	0.00000
10	0.00000	0.00000	0.00000	0.00000	0.00000	0.00000	0.00000	0.00000	0.00000	0.00000	0.00000	0.00000
11	0.00000	0.00000	0.00000	0.00000	0.00000	0.00000	0.00000	0.00000	0.00000	0.00000	0.00000	0.00000
12	0.00000	0.00000	0.00000	0.00000	0.00000	0.00000	0.00000	0.00000	0.00000	0.00000	0.00000	0.00000
13	0.00000	0.00000	0.00000	0.00000	0.00000	0.00000	0.00000	0.00000	0.00000	0.00000	0.00000	0.00000
14	0.00000	0.00000	0.00000	0.00000	0.00000	0.00000	0.00000	0.00000	0.00000	0.00000	0.00392	0.00000
15	0.00000	0.00763	0.00000	0.00000	0.00000	0.00000	0.00000	0.00000	0.00000	0.00000	0.00763	0.00000
16	0.00437	0.00437	0.00000	0.00000	0.00395	0.00395	0.00000	0.00000	0.00939	0.00000	0.00772	0.00772
17	0.00392	0.00784	0.00784	0.00909	0.00000	0.00455	0.01762	0.00000	0.00000	0.00397	0.00794	0.00000
18	0.00000	0.01220	0.00407	0.00000	0.00467	0.00467	0.00952	0.00000	0.00476	0.00704	0.00000	0.00704
19	0.00394	0.02362	0.00394	0.00000	0.00000	0.02252	0.00905	0.00905	0.00452	0.00389	0.01556	0.00389
20	0.00422	0.03376	0.00000	0.00000	0.00000	0.01364	0.03721	0.00465	0.00465	0.00000	0.01429	0.00357
21	0.00000	0.01901	0.00380	0.00000	0.00000	0.01015	0.01370	0.00457	0.00913	0.00000	0.01091	0.00364
22	0.00000	0.00000	0.00000	0.00000	0.00446	0.00446	0.01826	0.00000	0.00000	0.00752	0.01128	0.00376
23	0.00870	0.01739	0.00870	0.00905	0.00000	0.01357	0.01186	0.00395	0.00000	0.00403	0.00403	0.00000
24	0.00791	0.00791	0.00395	0.00000	0.00901	0.01802	0.01485	0.00495	0.00000	0.00000	0.01449	0.00000
