pos	A>C	A>G	A>T	C>A	C>G	C>T	G>A	G>C	G>T	T>A	T>C	T>G
 0	0.00368	0.02206	0.00735	0.00000	0.00957	0.17225	0.02727	0.00000	0.00909	0.01132	0.00755	0.00377
 1	0.00334	0.02341	0.00000	0.00000	0.00476	0.03810	0.01869	0.00000	0.00467	0.00000	0.00412	0.01235
 2	0.00395	0.01581	0.00791	0.00000	0.00926	0.08796	0.02242	0.01794	0.00897	0.00360	0.00719	0.00000
 3	0.00366	0.00366	0.00000	0.00000	0.00901	0.03153	0.01818	0.00000	0.00909	0.00386	0.00772	0.00772
 4	0.00386	0.00772	0.00000	0.00901	0.00450	0.02703	0.03719	0.00413	0.00413	0.00000	0.00775	0.00000
 5	0.00000	0.01128	0.00000	0.00467	0.00000	0.03271	0.01732	0.00866	0.00433	0.00719	0.01079	0.00000
 6	0.00752	0.00752	0.00752	0.00424	0.00424	0.03390	0.01633	0.00000	0.00000	0.00412	0.00000	0.00000
 7	0.00382	0.00382	0.00000	0.00000	0.00000	0.01633	0.00000	0.00000	0.00000	0.00784	0.01176	0.00000
 8	0.00000	0.00000	0.00000	0.00000	0.00000	0.01702	0.00413	0.00413	0.00000	0.00000	0.00000	0.01195
 9	0.00000	0.00373	0.00000	0.00000	0.00439	0.00000	0.00791	0.00000	0.00000	0.00000	0.00000	0.00000
10	0.00000	0.00000	0.00000	0.00000	0.00000	0.00000	0.00000	0.00000	0.00437	0.00000	0.00000	0.00000
11	0.00000	0.00000	0.00000	0.00000	0.00000	0.00000	0.00000	0.00000	0.00000	0.00000	0.00000	0.00000
12	0.00000	0.00000	0.00000	0.00000	0.00000	0.00000	0.00446	0.00000	0.00000	0.00000	0.00000	0.00000
13	0.00000	0.00000	0.00000	0.00000	0.00000	0.00000	0.00000	0.00000	0.00000	0.00000	0.00000	0.00000
14	0.00000	0.00000	0.00000	0.00000	0.00000	0.00000	0.00000	0.00000	0.00000	0.00000	0.00000	0.00000
15	0.00000	0.00000	0.00000	0.00000	0.00000	0.00415	0.00392	0.00000	0.00000	0.00398	0.00000	0.00000
16	0.00000	0.00000	0.00000	0.00000	0.00000	0.00000	0.01277	0.00000	0.00000	0.00000	0.00375	0.00000
17	0.00365	0.00730	0.00000	0.00000	0.00000	0.00000	0.00862	0.00000	0.00000	0.00407	0.00407	0.00000
18	0.00000	0.00383	0.00383	0.00862	0.00000	0.01724	0.01449	0.00000	0.00362	0.00000	0.01310	0.00437
19	0.00344	0.01718	0.00000	0.00000	0.00450	0.01351	0.00000	0.00000	0.00000	0.00410	0.02459	0.00820
20	0.00360	0.02158	0.00360	0.00000	0.00000	0.02404	0.02893	0.00413	0.00000	0.00000	0.02222	0.00000
21	0.00000	0.00775	0.00000	0.00000	0.00000	0.00455	0.00833	0.00000	0.00000	0.00000	0.01071	0.00357
22	0.00000	0.00797	0.00000	0.00394	0.00000	0.00787	0.01667	0.00417	0.00000	0.00397	0.01190	0.00397
23	0.00000	0.00719	0.01799	0.00000	0.00000	0.03030	0.01869	0.01402	0.00000	0.00000	0.02182	0.00727
24	0.00000	0.01487	0.00372	0.00000	0.00412	0.01646	0.02459	0.00000	0.00820	0.00415	0.00830	0.00415
pos	A>C	A>G	A>T	C>A	C>G	C>T	G>A	G>C	G>T	T>A	T>C	T>G
 0	0.00000	0.01190	0.00000	0.00952	0.00952	0.03333	0.14350	0.00000	0.00448	0.01399	0.03147	0.00350
 1	0.00000	0.01594	0.00398	0.00893	0.00446	0.05804	0.09959	0.00000	0.02075	0.01176	0.02353	0.01961
 2	0.00000	0.01581	0.01186	0.01626	0.00407	0.05285	0.04219	0.01266	0.00000	0.00830	0.02905	0.00830
 3	0.00000	0.01527	0.00000	0.00000	0.00000	0.02609	0.04444	0.00889	0.00444	0.00000	0.00382	0.00382
 4	0.00388	0.00775	0.00388	0.00000	0.00469	0.00469	0.03766	0.00000	0.00418	0.00000	0.00357	0.00357
 5	0.01132	0.01509	0.00000	0.00810	0.00000	0.01619	0.03463	0.00433	0.00433	0.01195	0.00000	0.00398
 6	0.00000	0.00376	0.00376	0.01200	0.00000	0.01600	0.02242	0.00000	0.00000	0.00000	0.01176	0.00784
 7	0.00000	0.00772	0.00000	0.00000	0.00415	0.00830	0.02193	0.00439	0.00000	0.00749	0.00749	0.00000
 8	0.00000	0.00358	0.00000	0.00000	0.00000	0.00847	0.01770	0.00442	0.00000	0.00000	0.00391	0.00391
 9	0.00000	0.00000	0.00000	0.00000	0.00000	0.00000	0.00840	0.00000	0.00000	0.00000	0.00000	0.00000
10	0.00000	0.00000	0.00000	0.00000	0.00000	0.00000	0.00452	0.00000	0.00000	0.00000	0.00000	0.00000
11	0.00000	0.00000	0.00000	0.00000	0.00000	0.00000	0.00000	0.00000	0.00000	0.00000	0.00000	0.00000
12	0.00000	0.00000	0.00000	0.00000	0.00000	0.00000	0.00000	0.00000	0.00000	0.00000	0.00000	0.00000
13	0.00000	0.00000	0.00000	0.00000	0.00000	0.00000	0.00000	0.00000	0.00000	0.00000	0.00000	0.00000
14	0.00386	0.00000	0.00000	0.00000	0.00000	0.00000	0.00000	0.00000	0.00000	0.00000	0.00000	0.00000
15	0.00000	0.00344	0.00000	0.00000	0.00000	0.00435	0.00429	0.00000	0.00000	0.00000	0.00000	0.00410
16	0.00000	0.01190	0.00397	0.00000	0.00431	0.00431	0.01210	0.00000	0.00403	0.00000	0.00000	0.00377
17	0.00000	0.01429	0.00000	0.00398	0.00000	0.01594	0.00858	0.00000	0.00000	0.00000	0.00000	0.00000
18	0.00000	0.01163	0.00775	0.00000	0.00418	0.01674	0.00474	0.00000	0.00474	0.00345	0.00345	0.00345
19	0.00000	0.00760	0.00380	0.00000	0.00439	0.02193	0.00000	0.00000	0.00000	0.00362	0.01449	0.00000
20	0.00000	0.01923	0.00000	0.00000	0.00000	0.01747	0.00437	0.00437	0.00000	0.00719	0.00360	0.00360
21	0.00000	0.00379	0.00000	0.00000	0.00000	0.01364	0.01240	0.01240	0.00413	0.00369	0.01107	0.00369
22	0.00000	0.00000	0.00000	0.00000	0.00000	0.01681	0.01550	0.00000	0.00388	0.00395	0.01186	0.00395
23	0.00823	0.01646	0.02058	0.00000	0.00000	0.01310	0.02372	0.00000	0.00395	0.00366	0.00000	0.00733
24	0.00730	0.01095	0.00365	0.00000	0.00000	0.01304	0.01364	0.00000	0.00000	0.00733	0.00366	0.00000
