pos	A>C	A>G	A>T	C>A	C>G	C>T	G>A	G>C	G>T	T>A	T>C	T>G
 0	0.00000	0.02586	0.00000	0.01075	0.00000	0.12903	0.01000	0.02000	0.02000	0.00000	0.00000	0.00980
 1	0.00000	0.00877	0.00000	0.02273	0.00000	0.05682	0.02247	0.00000	0.00000	0.00833	0.00833	0.00833
 2	0.00952	0.00952	0.00000	0.00000	0.01075	0.08602	0.01053	0.00000	0.01053	0.00000	0.02500	0.00000
 3	0.01681	0.01681	0.00000	0.00000	0.00000	0.01020	0.02151	0.01075	0.00000	0.00000	0.00000	0.00971
 4	0.00000	0.03306	0.00000	0.00000	0.01111	0.01111	0.02222	0.00000	0.00000	0.00840	0.01681	0.00000
 5	0.00862	0.02586	0.01724	0.02174	0.00000	0.04348	0.01031	0.00000	0.00000	0.00000	0.00855	0.00000
 6	0.01724	0.00862	0.00000	0.01136	0.01136	0.03409	0.01835	0.00000	0.00000	0.00917	0.00917	0.00000
 7	0.00000	0.00935	0.00000	0.00000	0.00000	0.03540	0.01266	0.00000	0.00000	0.00000	0.00813	0.00000
 8	0.00000	0.00000	0.00000	0.01087	0.00000	0.01087	0.00000	0.00000	0.00000	0.00000	0.00000	0.00000
 9	0.00000	0.00000	0.00926	0.00000	0.00000	0.00000	0.00000	0.00000	0.00000	0.00000	0.00000	0.00935
10	0.00000	0.00000	0.00000	0.00000	0.00000	0.00000	0.00000	0.00000	0.00000	0.00000	0.00000	0.00000
11	0.00000	0.00000	0.00000	0.00000	0.00000	0.00000	0.00000	0.00000	0.00000	0.00000	0.00000	0.00000
12	0.00000	0.00000	0.00000	0.00000	0.00000	0.01031	0.00000	0.00000	0.00000	0.00000	0.00000	0.00000
13	0.00000	0.00000	0.00000	0.00000	0.00000	0.00000	0.00000	0.00000	0.00000	0.00000	0.00000	0.00000
14	0.00000	0.00000	0.00000	0.00000	0.00000	0.00000	0.00000	0.00000	0.00000	0.00000	0.00000	0.00000
15	0.00000	0.00943	0.00000	0.00000	0.00000	0.00000	0.00000	0.00000	0.00000	0.00000	0.00909	0.00000
16	0.00787	0.00000	0.00000	0.00000	0.00000	0.00000	0.03000	0.00000	0.00000	0.00000	0.00980	0.00000
17	0.00775	0.00775	0.00000	0.00000	0.00000	0.01010	0.00000	0.00000	0.00000	0.00971	0.00971	0.00000
18	0.00000	0.01739	0.00000	0.01099	0.00000	0.01099	0.00877	0.00000	0.00000	0.00000	0.00000	0.00000
19	0.00781	0.00781	0.00781	0.00000	0.01042	0.01042	0.01961	0.00000	0.01961	0.00000	0.00000	0.00000
20	0.00000	0.00962	0.00000	0.00000	0.00000	0.00000	0.02174	0.00000	0.01087	0.00000	0.00752	0.00752
21	0.00901	0.00000	0.00901	0.00000	0.00000	0.04040	0.00000	0.02041	0.00000	0.00000	0.00877	0.00877
22	0.00000	0.02479	0.01653	0.00000	0.00000	0.00000	0.00000	0.00000	0.00000	0.00926	0.01852	0.00000
23	0.00800	0.02400	0.01600	0.00000	0.01111	0.03333	0.00000	0.02062	0.00000	0.00000	0.00909	0.00000
24	0.00763	0.02290	0.00000	0.01111	0.00000	0.00000	0.00000	0.00909	0.00909	0.00000	0.00000	0.00000
pos	A>C	A>G	A>T	C>A	C>G	C>T	G>A	G>C	G>T	T>A	T>C	T>G
 0	0.00000	0.01887	0.00000	0.00000	0.00000	0.04082	0.12048	0.00000	0.02410	0.00000	0.04032	0.00000
 1	0.00000	0.00000	0.00000	0.00990	0.01980	0.00990	0.09709	0.00000	0.01942	0.00901	0.00000	0.00000
 2	0.00971	0.02913	0.00971	0.00000	0.00000	0.01802	0.09375	0.01042	0.00000	0.00000	0.00980	0.00000
 3	0.00000	0.00952	0.00000	0.00000	0.00000	0.01961	0.02041	0.00000	0.01020	0.00943	0.00943	0.00000
 4	0.00000	0.02857	0.00000	0.00000	0.00000	0.01010	0.04444	0.00000	0.00000	0.03333	0.00833	0.00000
 5	0.01681	0.01681	0.00840	0.02105	0.01053	0.02105	0.05376	0.01075	0.00000	0.00893	0.00893	0.00893
 6	0.00000	0.00971	0.00000	0.00870	0.00000	0.01739	0.04651	0.00000	0.01163	0.01724	0.01724	0.00000
 7	0.00000	0.00971	0.00000	0.00000	0.00000	0.01031	0.00000	0.00000	0.00000	0.00000	0.00763	0.00763
 8	0.00000	0.01709	0.00000	0.00000	0.00000	0.01136	0.01010	0.00000	0.01010	0.00000	0.00000	0.00000
 9	0.00000	0.00000	0.00000	0.00000	0.00000	0.00000	0.00935	0.00000	0.00000	0.00000	0.00000	0.00000
10	0.00000	0.00000	0.00000	0.00000	0.00000	0.00000	0.00000	0.00000	0.00000	0.00000	0.00000	0.00794
11	0.00000	0.00000	0.00000	0.00000	0.00000	0.00000	0.00000	0.00000	0.00000	0.00000	0.00000	0.00000
12	0.00000	0.00000	0.00000	0.00000	0.00000	0.00000	0.00000	0.00000	0.00000	0.00000	0.00000	0.00000
13	0.00000	0.00000	0.00000	0.00000	0.00000	0.00000	0.00000	0.00000	0.00000	0.00000	0.00000	0.00000
14	0.00000	0.00000	0.00000	0.00000	0.00000	0.00000	0.00000	0.00000	0.00000	0.00000	0.00000	0.00000
15	0.00000	0.00000	0.00000	0.00000	0.00000	0.01000	0.00000	0.00000	0.00000	0.00000	0.00000	0.00917
16	0.00000	0.03125	0.00000	0.00971	0.00000	0.00000	0.00000	0.00000	0.00000	0.00000	0.00000	0.00000
17	0.00000	0.00870	0.00000	0.00000	0.00000	0.00000	0.01075	0.00000	0.00000	0.00000	0.00000	0.00000
18	0.00000	0.00000	0.00000	0.01163	0.00000	0.01163	0.00980	0.00000	0.00980	0.00000	0.00000	0.00000
19	0.00000	0.01869	0.00000	0.00000	0.00000	0.01942	0.02941	0.00980	0.00000	0.00909	0.00909	0.00000
20	0.00000	0.02830	0.00000	0.01087	0.00000	0.01087	0.01111	0.00000	0.00000	0.00000	0.02239	0.01493
21	0.00000	0.00943	0.00000	0.00000	0.00000	0.00000	0.02198	0.00000	0.00000	0.00000	0.01575	0.00000
22	0.00000	0.00909	0.00000	0.00000	0.00000	0.00000	0.01031	0.00000	0.00000	0.00885	0.00000	0.00000
23	0.00000	0.00000	0.00000	0.00000	0.00000	0.00000	0.01786	0.00000	0.00893	0.00000	0.00000	0.00787
24	0.00000	0.01471	0.00000	0.00000	0.00000	0.00000	0.00980	0.00000	0.00000	0.00000	0.01942	0.00000
