pos	A>C	A>G	A>T	C>A	C>G	C>T	G>A	G>C	G>T	T>A	T>C	T>G
 0	0.00087	0.00281	0.00067	0.00110	0.00081	0.16578	0.01003	0.00007	0.00081	0.00040	0.00213	0.00113
 1	0.00033	0.00239	0.00080	0.00089	0.00052	0.08060	0.01146	0.00037	0.00081	0.00053	0.00257	0.00073
 2	0.00040	0.00275	0.00034	0.00096	0.00022	0.06224	0.01006	0.00037	0.00073	0.00053	0.00265	0.00099
 3	0.00067	0.00294	0.00080	0.00089	0.00045	0.04405	0.00887	0.00073	0.00081	0.00072	0.00237	0.00066
 4	0.00066	0.00178	0.00053	0.00059	0.00037	0.04167	0.00870	0.00007	0.00037	0.00053	0.00207	0.00060
 5	0.00121	0.00235	0.00081	0.00052	0.00044	0.03297	0.00783	0.00065	0.00072	0.00040	0.00185	0.00059
 6	0.00074	0.00195	0.00020	0.00044	0.00022	0.02369	0.00617	0.00022	0.00065	0.00020	0.00172	0.00046
 7	0.00033	0.00086	0.00013	0.00045	0.00015	0.01570	0.00484	0.00022	0.00059	0.00020	0.00119	0.00040
 8	0.00007	0.00086	0.00020	0.00044	0.00015	0.00769	0.00322	0.00000	0.00044	0.00020	0.00033	0.00020
 9	0.00000	0.00040	0.00000	0.00007	0.00000	0.00311	0.00155	0.00015	0.00022	0.00013	0.00059	0.00013
10	0.00000	0.00013	0.00000	0.00007	0.00000	0.00096	0.00067	0.00000	0.00007	0.00000	0.00007	0.00007
11	0.00000	0.00000	0.00000	0.00000	0.00000	0.00000	0.00000	0.00000	0.00000	0.00000	0.00007	0.00000
12	0.00000	0.00000	0.00000	0.00000	0.00000	0.00007	0.00015	0.00000	0.00000	0.00000	0.00000	0.00000
13	0.00000	0.00000	0.00000	0.00000	0.00000	0.00007	0.00000	0.00000	0.00000	0.00000	0.00007	0.00000
14	0.00000	0.00013	0.00000	0.00000	0.00000	0.00007	0.00000	0.00000	0.00000	0.00000	0.00000	0.00000
15	0.00013	0.00040	0.00007	0.00007	0.00000	0.00240	0.00194	0.00022	0.00007	0.00020	0.00046	0.00013
16	0.00020	0.00092	0.00007	0.00030	0.00015	0.00559	0.00346	0.00007	0.00015	0.00000	0.00099	0.00033
17	0.00020	0.00120	0.00000	0.00051	0.00015	0.00687	0.00631	0.00030	0.00067	0.00053	0.00112	0.00059
18	0.00060	0.00133	0.00047	0.00081	0.00037	0.00924	0.00752	0.00058	0.00088	0.00033	0.00120	0.00093
19	0.00020	0.00212	0.00007	0.00022	0.00022	0.00256	0.00155	0.00022	0.00044	0.00020	0.00206	0.00040
20	0.00073	0.00186	0.00020	0.00015	0.00015	0.00185	0.00292	0.00015	0.00036	0.00007	0.00192	0.00033
21	0.00020	0.00248	0.00013	0.00052	0.00015	0.00238	0.00181	0.00000	0.00058	0.00007	0.00162	0.00027
22	0.00033	0.00152	0.00013	0.00037	0.00022	0.00242	0.00237	0.00007	0.00037	0.00013	0.00125	0.00020
23	0.00033	0.00147	0.00013	0.00015	0.00022	0.00233	0.00204	0.00007	0.00051	0.00013	0.00147	0.00020
24	0.00073	0.00205	0.00033	0.00022	0.00000	0.00221	0.00249	0.00022	0.00029	0.00013	0.00153	0.00013
pos	A>C	A>G	A>T	C>A	C>G	C>T	G>A	G>C	G>T	T>A	T>C	T>G
 0	0.00113	0.00220	0.00033	0.00052	0.00037	0.01266	0.14053	0.00052	0.00118	0.00067	0.00320	0.00073
 1	0.00106	0.00240	0.00020	0.00073	0.00058	0.01336	0.07125	0.00089	0.00052	0.00027	0.00227	0.00074
 2	0.00053	0.00239	0.00053	0.00051	0.00058	0.01291	0.05361	0.00022	0.00081	0.00020	0.00304	0.00054
 3	0.00060	0.00254	0.00074	0.00088	0.00029	0.01129	0.04250	0.00052	0.00074	0.00060	0.00132	0.00099
 4	0.00060	0.00167	0.00033	0.00059	0.00067	0.00940	0.03494	0.00051	0.00095	0.00040	0.00198	0.00086
 5	0.00060	0.00173	0.00040	0.00066	0.00029	0.00798	0.02975	0.00044	0.00037	0.00080	0.00247	0.00040
 6	0.00040	0.00193	0.00033	0.00073	0.00036	0.00803	0.02271	0.00037	0.00037	0.00027	0.00159	0.00060
 7	0.00033	0.00112	0.00020	0.00073	0.00022	0.00470	0.01316	0.00037	0.00022	0.00033	0.00134	0.00040
 8	0.00053	0.00066	0.00013	0.00029	0.00022	0.00368	0.00688	0.00000	0.00030	0.00033	0.00093	0.00013
 9	0.00013	0.00020	0.00007	0.00007	0.00015	0.00178	0.00325	0.00007	0.00000	0.00007	0.00026	0.00007
10	0.00007	0.00013	0.00007	0.00007	0.00000	0.00015	0.00155	0.00007	0.00000	0.00007	0.00013	0.00000
11	0.00000	0.00000	0.00000	0.00000	0.00000	0.00007	0.00000	0.00000	0.00000	0.00000	0.00000	0.00000
12	0.00000	0.00000	0.00000	0.00000	0.00000	0.00000	0.00007	0.00000	0.00000	0.00000	0.00000	0.00000
13	0.00000	0.00000	0.00000	0.00000	0.00000	0.00000	0.00000	0.00000	0.00000	0.00000	0.00000	0.00000
14	0.00000	0.00000	0.00000	0.00000	0.00000	0.00007	0.00015	0.00000	0.00000	0.00000	0.00007	0.00000
15	0.00013	0.00026	0.00013	0.00007	0.00029	0.00204	0.00216	0.00007	0.00007	0.00020	0.00033	0.00007
16	0.00020	0.00106	0.00020	0.00022	0.00000	0.00307	0.00417	0.00022	0.00030	0.00007	0.00073	0.00020
17	0.00066	0.00119	0.00007	0.00044	0.00022	0.00563	0.00724	0.00022	0.00014	0.00020	0.00107	0.00053
18	0.00033	0.00206	0.00020	0.00096	0.00015	0.00739	0.00920	0.00022	0.00037	0.00007	0.00157	0.00066
19	0.00066	0.00177	0.00033	0.00058	0.00043	0.00246	0.00200	0.00007	0.00059	0.00007	0.00155	0.00034
20	0.00034	0.00188	0.00007	0.00037	0.00007	0.00243	0.00234	0.00000	0.00029	0.00026	0.00171	0.00020
21	0.00033	0.00164	0.00013	0.00080	0.00029	0.00307	0.00259	0.00007	0.00059	0.00027	0.00206	0.00027
22	0.00040	0.00179	0.00020	0.00059	0.00015	0.00264	0.00228	0.00007	0.00059	0.00020	0.00160	0.00033
23	0.00026	0.00165	0.00007	0.00044	0.00029	0.00257	0.00207	0.00007	0.00052	0.00020	0.00165	0.00020
24	0.00047	0.00253	0.00027	0.00051	0.00029	0.00213	0.00195	0.00022	0.00105	0.00013	0.00195	0.00032
