pos	A>C	A>G	A>T	C>A	C>G	C>T	G>A	G>C	G>T	T>A	T>C	T>G
 0	0.00339	0.02373	0.00678	0.00427	0.00855	0.15812	0.04167	0.00417	0.00417	0.02048	0.01365	0.00341
 1	0.00683	0.02389	0.00000	0.00418	0.00000	0.08787	0.03984	0.00000	0.00000	0.00358	0.01434	0.00358
 2	0.00746	0.01119	0.00746	0.00391	0.00391	0.05078	0.02033	0.01626	0.02033	0.00340	0.01020	0.00340
 3	0.00338	0.01014	0.00000	0.00426	0.00426	0.03830	0.02016	0.00000	0.00000	0.00000	0.01730	0.00692
 4	0.00676	0.01351	0.00338	0.00000	0.00873	0.02620	0.02299	0.00000	0.00000	0.00000	0.00347	0.00000
 5	0.00702	0.01053	0.00000	0.00424	0.00000	0.03390	0.01887	0.00000	0.01132	0.00000	0.01014	0.00338
 6	0.00338	0.01689	0.00338	0.00376	0.00000	0.03759	0.00772	0.00000	0.00000	0.00000	0.00000	0.00000
 7	0.00000	0.00984	0.00000	0.00000	0.00826	0.01653	0.01288	0.00429	0.00000	0.00980	0.02288	0.00000
 8	0.00000	0.00000	0.00000	0.00000	0.00000	0.01709	0.01389	0.00000	0.00000	0.00370	0.00370	0.00000
 9	0.00000	0.00000	0.00000	0.00000	0.00000	0.00412	0.00820	0.00000	0.00410	0.00000	0.00000	0.00000
10	0.00314	0.00000	0.00000	0.00000	0.00000	0.00415	0.00000	0.00397	0.00000	0.00000	0.00000	0.00000
11	0.00000	0.00000	0.00000	0.00000	0.00000	0.00000	0.00000	0.00000	0.00000	0.00000	0.00000	0.00000
12	0.00000	0.00000	0.00000	0.00000	0.00000	0.00400	0.00403	0.00000	0.00000	0.00000	0.00000	0.00000
13	0.00000	0.00000	0.00000	0.00000	0.00000	0.00000	0.00000	0.00000	0.00000	0.00000	0.00000	0.00000
14	0.00000	0.00000	0.00000	0.00000	0.00000	0.00000	0.00000	0.00000	0.00000	0.00000	0.00000	0.00000
15	0.00361	0.00361	0.00000	0.00000	0.00000	0.00389	0.01136	0.00000	0.00379	0.00000	0.01370	0.00000
16	0.00000	0.00000	0.00000	0.00000	0.00741	0.01111	0.01205	0.00000	0.00000	0.00000	0.01079	0.00000
17	0.00000	0.01639	0.00000	0.00382	0.00000	0.00763	0.01250	0.00417	0.00000	0.00000	0.01060	0.00000
18	0.00676	0.01351	0.00338	0.00394	0.00000	0.01969	0.01521	0.00000	0.00000	0.00722	0.01083	0.00361
19	0.00000	0.02492	0.00312	0.00000	0.00000	0.02789	0.01141	0.00380	0.00000	0.00784	0.00784	0.00392
20	0.01031	0.01375	0.00344	0.00840	0.00840	0.01681	0.02264	0.00000	0.00377	0.00339	0.02034	0.00000
21	0.00704	0.00704	0.00704	0.00000	0.00000	0.00806	0.01149	0.00383	0.00000	0.00000	0.01010	0.00337
22	0.00341	0.00683	0.00000	0.00000	0.00394	0.01181	0.01961	0.00392	0.00392	0.00347	0.02083	0.00347
23	0.00000	0.00977	0.00326	0.00412	0.00412	0.02469	0.01702	0.00426	0.00426	0.00656	0.01311	0.00000
24	0.00000	0.02903	0.00323	0.00000	0.00413	0.02066	0.01600	0.00400	0.01200	0.00347	0.00347	0.00347
pos	A>C	A>G	A>T	C>A	C>G	C>T	G>A	G>C	G>T	T>A	T>C	T>G
 0	0.00733	0.00366	0.00733	0.01695	0.00847	0.03814	0.13740	0.00382	0.01145	0.01413	0.03180	0.00353
 1	0.00000	0.01444	0.00361	0.00429	0.00429	0.01717	0.08046	0.00000	0.01533	0.00707	0.02473	0.01413
 2	0.00364	0.01091	0.00727	0.00000	0.00730	0.04015	0.03644	0.00000	0.00405	0.00000	0.02662	0.00000
 3	0.00364	0.01818	0.00000	0.00422	0.00422	0.02110	0.03968	0.01190	0.00794	0.00000	0.00990	0.00330
 4	0.00361	0.01805	0.01083	0.00791	0.00000	0.01581	0.02137	0.00000	0.00000	0.00323	0.00323	0.00323
 5	0.01031	0.01031	0.00000	0.01149	0.00000	0.00766	0.02974	0.00000	0.00000	0.00775	0.00775	0.00388
 6	0.00000	0.01038	0.00000	0.00778	0.00389	0.01556	0.01646	0.00412	0.00000	0.00340	0.00680	0.00000
 7	0.00000	0.00344	0.00000	0.00000	0.00000	0.02247	0.02789	0.00000	0.00000	0.00725	0.00725	0.00000
 8	0.00323	0.01290	0.00000	0.00000	0.00000	0.00833	0.00403	0.00000	0.00403	0.00000	0.00000	0.00000
 9	0.00000	0.00000	0.00000	0.00000	0.00000	0.00000	0.00402	0.00000	0.00000	0.00000	0.00000	0.00000
10	0.00000	0.00000	0.00000	0.00000	0.00000	0.00418	0.00000	0.00000	0.00000	0.00000	0.00000	0.00000
11	0.00000	0.00000	0.00000	0.00000	0.00000	0.00000	0.00000	0.00000	0.00000	0.00000	0.00000	0.00000
12	0.00000	0.00000	0.00000	0.00000	0.00000	0.00000	0.00000	0.00000	0.00000	0.00000	0.00000	0.00000
13	0.00000	0.00000	0.00000	0.00000	0.00000	0.00000	0.00000	0.00000	0.00000	0.00000	0.00000	0.00000
14	0.00000	0.00000	0.00000	0.00000	0.00000	0.00000	0.00000	0.00000	0.00000	0.00000	0.00000	0.00000
15	0.00000	0.00328	0.00000	0.00000	0.00000	0.00000	0.00881	0.00000	0.00000	0.00000	0.00662	0.00000
16	0.00000	0.00707	0.00000	0.00000	0.00000	0.00383	0.00743	0.00000	0.00372	0.00000	0.00000	0.00722
17	0.00337	0.01347	0.00337	0.00398	0.00000	0.01195	0.02652	0.00000	0.00379	0.00719	0.00360	0.00000
18	0.00683	0.01365	0.00000	0.00413	0.00000	0.00000	0.00000	0.00000	0.00823	0.00321	0.00641	0.00000
19	0.00339	0.01695	0.00000	0.00397	0.00000	0.01587	0.01255	0.00837	0.00418	0.00990	0.01320	0.00330
20	0.00000	0.02308	0.00000	0.00407	0.00407	0.01626	0.01215	0.00405	0.00405	0.00298	0.01488	0.00298
21	0.00339	0.01017	0.01017	0.00426	0.00426	0.01277	0.02652	0.00000	0.00379	0.00338	0.00000	0.00338
22	0.00332	0.01329	0.00000	0.00000	0.00392	0.00784	0.01250	0.00000	0.00000	0.00680	0.01701	0.01361
23	0.01186	0.01186	0.00791	0.00000	0.00405	0.02024	0.01083	0.00000	0.00361	0.00641	0.00962	0.00321
24	0.00997	0.01993	0.00332	0.00781	0.00000	0.00781	0.02869	0.00000	0.00000	0.00000	0.01384	0.00000
